0 0 0 0 0 574 923 -534 -42 -3 19 -10 -1448 3152 14790 496 11 11 11 10 10 10
 0 0 0 0 0 574 1149 -688 -51 -3 19 -10 -1436 3134 14756 496 11 11 11 10 10 10
 0 0 0 0 0 574 1481 -915 -67 -4 19 -11 -1436 3144 14748 496 11 11 11 10 10 10
 0 0 0 0 0 567 1701 -1067 -83 -3 19 -10 -1472 3130 14776 496 11 11 11 10 10 10
 0 0 0 0 0 560 1780 -1121 -93 -3 19 -10 -1440 3114 14752 496 11 11 11 10 10 10
 0 0 0 0 0 560 1844 -1165 -102 -3 19 -10 -1442 3138 14748 496 11 11 11 10 10 10
 0 0 0 0 0 560 1898 -1200 -113 -3 19 -10 -1432 3146 14756 496 11 11 11 10 10 10
 0 0 0 0 0 553 1939 -1229 -124 -4 19 -10 -1438 3152 14780 496 11 11 11 10 10 10
 0 0 0 0 0 560 1974 -1253 -136 -3 19 -10 -1470 3140 14766 496 11 11 11 10 10 10
 0 0 0 0 0 560 2002 -1273 -148 -3 19 -10 -1462 3158 14772 496 11 11 11 10 10 10
 0 0 0 0 0 560 2025 -1288 -161 -3 19 -11 -1450 3142 14774 496 11 11 11 10 10 10
 0 0 0 0 0 574 645 -344 -29 -3 21 -10 -1444 3158 14784 496 11 11 11 10 10 10
 
0 0 0 0 0 574 1155 -688 -52 -3 21 -10 -1462 3154 14762 496 11 11 11 10 10 10
 
0 0 0 0 0 567 1339 -814 -60 -4 19 -10 -1458 3134 14764 496 11 11 11 10 10 10
 
0 0 0 0 0 567 1489 -916 -67 -4 19 -10 -1448 3138 14746 496 11 11 11 10 10 10
 
0 0 0 0 0 567 1708 -1065 -84 -3 19 -11 -1448 3156 14790 496 11 11 11 10 10 10
 
0 0 0 0 0 567 1789 -1120 -93 -4 21 -10 -1450 3154 14764 496 11 11 11 10 10 10
 
0 0 0 0 0 602 1854 -1164 -102 -4 19 -11 -1422 3172 14760 496 11 11 11 10 10 10
 
0 0 0 0 0 567 1908 -1200 -113 -3 19 -10 -1448 3144 14750 496 11 11 11 10 10 10
 
0 0 0 0 0 560 1951 -1228 -124 -4 19 -10 -1436 3160 14744 496 11 11 11 10 10 10
 
0 0 0 0 0 560 1986 -1252 -135 -3 21 -10 -1450 3160 14758 496 11 11 11 10 10 10
 
0 0 0 0 0 560 2036 -1287 -160 -4 19 -10 -1456 3162 14794 496 11 11 11 10 10 10
 
0 0 0 0 0 560 2055 -1298 -174 -3 21 -10 -1456 3168 14778 496 11 11 11 10 10 10
 
0 0 0 0 0 560 2080 -1318 -199 -4 19 -10 -1438 3148 14756 496 11 11 11 10 10 10
 
0 0 0 0 0 560 2091 -1324 -213 -3 19 -10 -1440 3142 14750 496 11 11 11 10 10 10
 
0 0 0 0 0 560 2098 -1330 -227 -3 19 -10 -1466 3158 14756 496 11 11 11 10 10 10
 
0 0 0 0 0 560 2109 -1337 -253 -3 19 -10 -1464 3166 14784 496 11 11 11 10 10 10
 
0 0 0 0 0 560 2112 -1340 -268 -4 19 -10 -1474 3148 14790 496 11 11 11 10 10 10
 
0 0 0 0 0 560 2119 -1346 -296 -3 19 -10 -1446 3160 14746 496 11 11 11 10 10 10
 
0 0 0 0 0 560 2120 -1347 -310 -3 19 -11 -1468 3152 14754 496 11 11 11 10 10 10
 
0 0 0 0 0 560 2122 -1349 -325 -3 19 -11 -1436 3152 14756 496 11 11 11 10 10 10
 
0 0 0 0 0 560 2124 -1349 -339 -3 21 -10 -1448 3150 14724 496 11 11 11 10 10 10
 
0 0 0 0 0 560 2124 -1350 -353 -3 19 -10 -1436 3152 14752 496 11 11 11 10 10 10
 
0 0 0 0 0 560 2126 -1351 -382 -3 21 -10 -1456 3158 14738 496 11 11 11 10 10 10
 
0 0 0 0 0 560 2126 -1353 -397 -3 21 -10 -1454 3150 14792 496 11 11 11 10 10 10
 
0 0 0 0 0 560 2126 -1353 -412 -4 19 -11 -1418 3156 14758 496 11 11 11 10 10 10
 
0 0 0 0 0 560 2128 -1352 -427 -3 19 -10 -1446 3150 14766 496 11 11 11 10 10 10
 
0 0 0 0 0 560 2129 -1353 -456 -3 19 -11 -1436 3160 14734 496 11 11 11 10 10 10
 
0 0 0 0 0 574 2129 -1353 -471 -4 19 -11 -1460 3158 14736 496 11 11 11 10 10 10
 
0 0 0 0 0 574 2130 -1353 -485 -3 19 -10 -1432 3174 14772 496 11 11 11 10 10 10
 
0 0 0 0 0 567 2130 -1353 -514 -3 19 -10 -1446 3170 14750 496 11 11 11 10 10 10
 
0 0 0 0 0 567 2129 -1354 -528 -4 19 -10 -1424 3170 14790 496 11 11 11 10 10 10
 
0 0 0 0 0 567 2130 -1354 -541 -3 19 -10 -1452 3158 14760 496 11 11 11 10 10 10
 
0 0 0 0 0 567 2129 -1354 -556 -3 19 -10 -1428 3146 14758 496 11 11 11 10 10 10
 
0 0 0 0 0 560 2129 -1354 -584 -4 19 -10 -1466 3130 14788 496 11 11 11 10 10 10
 
0 0 0 0 0 560 2128 -1354 -598 -4 19 -11 -1466 3154 14724 496 11 11 11 10 10 10
 
0 0 0 0 0 560 2129 -1353 -612 -4 19 -10 -1452 3128 14754 496 11 11 11 10 10 10
 
0 0 0 0 0 560 2142 -1250 -615 -2 -2 -2 -1424 3160 14796 496 11 11 11 10 10 10
 
0 0 0 0 0 560 2148 -1202 -615 -2 -2 -1 -1436 3158 14758 496 11 11 11 10 10 10
 
0 0 0 0 0 553 2159 -1131 -613 -1 -2 -1 -1422 3152 14766 496 11 11 11 10 10 10
 
0 0 0 0 0 553 2163 -1107 -614 -2 -2 -2 -1486 3158 14746 496 11 11 11 10 10 10
 
0 0 0 0 0 560 2166 -1070 -613 -2 -2 -1 -1452 3154 14754 496 11 11 11 10 10 10
 
0 0 0 0 0 553 2168 -1057 -613 -2 -1 -1 -1440 3140 14744 496 11 11 11 10 10 10
 
0 0 0 0 0 553 2170 -1047 -613 -2 -2 -2 -1474 3158 14770 496 11 11 11 10 10 10
 
0 0 0 0 0 553 2172 -1039 -613 -1 -2 -2 -1424 3162 14774 496 11 11 11 10 10 10
 
0 0 0 0 0 553 2174 -1031 -613 -2 -1 -1 -1442 3152 14784 496 11 11 11 10 10 10
 
0 0 0 0 0 553 2177 -1013 -614 -1 -2 -1 -1442 3164 14728 496 11 11 11 10 10 10
 
0 0 0 0 0 553 2178 -1012 -614 -1 -2 -1 -1438 3142 14760 496 11 11 11 10 10 10
 
0 0 0 0 0 553 2177 -1008 -614 -2 -2 -1 -1412 3152 14792 496 11 11 11 10 10 10
 
0 0 0 0 0 553 2176 -1006 -614 -2 -2 -2 -1446 3140 14784 496 11 11 11 10 10 10
 
0 0 0 0 0 553 2176 -1004 -614 -1 -2 -1 -1454 3156 14760 496 11 11 11 10 10 10
 
0 0 0 0 0 553 2177 -1002 -616 -1 -2 -2 -1472 3162 14768 496 11 11 11 10 10 10
 
0 0 0 0 0 553 2180 -1001 -616 -1 -2 -1 -1434 3164 14764 496 11 11 11 10 10 10
 
0 0 0 0 0 567 2178 -1000 -617 -1 -2 0 -1446 3154 14772 496 11 11 11 10 10 10
 
0 0 0 0 0 567 2182 -1000 -617 -1 -1 0 -1430 3144 14782 496 11 11 11 10 10 10
 
0 0 0 0 0 560 2187 -999 -617 -1 -1 -1 -1458 3152 14790 496 11 11 11 10 10 10
 
0 0 0 0 0 560 2188 -999 -617 -1 -1 -1 -1438 3154 14782 496 11 11 11 10 10 10
 
0 0 0 0 0 560 2189 -999 -617 -1 -2 0 -1454 3164 14780 496 11 11 11 10 10 10
 
0 0 0 0 0 560 2190 -1000 -617 -1 -1 0 -1440 3160 14766 496 11 11 11 10 10 10
 
0 0 0 0 0 553 2190 -1000 -618 -1 -2 -1 -1450 3142 14752 496 11 11 11 10 10 10
 
0 0 0 0 0 553 2191 -1000 -618 -1 -2 -1 -1436 3140 14768 496 11 11 11 10 10 10
 
0 0 0 0 0 553 2191 -1000 -618 -1 -1 0 -1452 3160 14762 496 11 11 11 10 10 10
 
0 0 0 0 0 553 2192 -998 -619 -1 -3 0 -1460 3142 14760 496 11 11 11 10 10 10
 
0 0 0 0 0 553 2192 -999 -618 -1 -2 0 -1438 3150 14748 496 11 11 11 10 10 10
 
0 0 0 0 0 553 2191 -998 -618 -1 -2 0 -1474 3162 14778 496 11 11 11 10 10 10
 
0 0 0 0 0 553 2191 -998 -618 -1 -2 0 -1468 3150 14776 496 11 11 11 10 10 10
 
0 0 0 0 0 553 2191 -997 -617 -1 -2 0 -1454 3150 14752 496 11 11 11 10 10 10
 
0 0 0 0 0 553 2192 -999 -617 0 0 0 -1466 3176 14798 496 11 11 11 10 10 10
 
0 0 0 0 0 553 2193 -998 -618 -1 -1 0 -1436 3150 14740 496 11 11 11 10 10 10
 
0 0 0 0 0 553 2194 -998 -618 -1 -1 0 -1448 3160 14750 496 11 11 11 10 10 10
 
0 0 0 0 0 553 2195 -998 -618 -1 -1 -1 -1438 3152 14750 496 11 11 11 10 10 10
 
0 0 0 0 0 553 2195 -997 -618 -1 -2 0 -1440 3178 14774 496 11 11 11 10 10 10
 
0 0 0 0 0 546 2196 -997 -618 -1 -1 -1 -1438 3160 14768 496 11 11 11 10 10 10
 
0 0 0 0 0 553 2196 -998 -618 -1 -2 -1 -1450 3144 14774 496 11 11 11 10 10 10
 
0 0 0 0 0 553 2197 -998 -618 -1 -2 -1 -1428 3156 14756 496 11 11 11 10 10 10
 
0 0 0 0 0 553 2196 -997 -618 0 0 0 -1442 3150 14776 496 11 11 11 10 10 10
 
0 0 0 0 0 553 2196 -998 -617 0 0 0 -1436 3186 14776 496 11 11 11 10 10 10
 
0 0 0 0 0 553 2196 -999 -616 0 1 0 -1436 3152 14764 496 11 11 11 10 10 10
 
0 0 0 0 0 553 2197 -998 -615 -1 -1 0 -1452 3140 14768 496 11 11 11 10 10 10
 
0 0 0 0 0 553 2196 -998 -615 0 0 0 -1454 3152 14778 496 11 11 11 10 10 10
 
0 0 0 0 0 553 2197 -999 -612 -1 -1 0 -1446 3152 14766 496 11 11 11 10 10 10
 
0 0 0 0 0 560 2197 -999 -611 0 0 0 -1446 3152 14746 496 11 11 11 10 10 10
 
0 0 0 0 0 560 2197 -999 -609 0 0 0 -1462 3180 14778 496 11 11 11 10 10 10
 
0 0 0 0 0 560 2197 -998 -609 -1 -1 -1 -1458 3146 14782 496 11 11 11 10 10 10
 
0 0 0 0 0 560 2196 -999 -608 0 0 0 -1450 3124 14764 496 11 11 11 10 10 10
 
0 0 0 0 0 553 2195 -999 -607 -1 -1 0 -1482 3164 14738 496 11 11 11 10 10 10
 
0 0 0 0 0 553 2197 -1000 -606 -1 -1 0 -1468 3150 14744 496 11 11 11 10 10 10
 
0 0 0 0 0 553 2198 -1000 -605 0 0 -1 -1446 3160 14792 496 11 11 11 10 10 10
 
0 0 0 0 0 553 2199 -1000 -603 -1 -1 -1 -1460 3156 14748 496 11 11 11 10 10 10
 
0 0 0 0 0 553 2199 -1000 -603 0 0 0 -1458 3154 14788 496 11 11 11 10 10 10
 
0 0 0 0 0 546 2199 -999 -601 0 0 0 -1438 3166 14732 496 11 11 11 10 10 10
 
0 0 0 0 0 546 2197 -1000 -600 0 0 0 -1454 3158 14760 496 11 11 11 10 10 10
 
0 0 0 0 0 546 2196 -1001 -599 -1 -1 0 -1456 3162 14714 496 11 11 11 10 10 10
 
0 0 0 0 0 588 2196 -1001 -598 -1 -1 0 -1460 3148 14734 496 11 11 11 10 10 10
 
0 0 0 0 0 588 2197 -999 -597 -1 -2 0 -1460 3156 14742 496 11 11 11 10 10 10
 
0 0 0 0 0 588 2197 -999 -596 -1 -1 0 -1442 3156 14782 496 11 11 11 10 10 10
 
0 0 0 0 0 588 2198 -998 -596 0 0 0 -1442 3144 14758 496 11 11 11 10 10 10
 
0 0 0 0 0 588 2198 -998 -596 -1 -1 -1 -1450 3170 14768 496 11 11 11 10 10 10
 
0 0 0 0 0 588 2199 -997 -596 -1 -2 0 -1464 3160 14772 496 11 11 11 10 10 10
 
0 0 0 0 0 588 2199 -997 -596 -1 -1 0 -1444 3146 14742 496 11 11 11 10 10 10
 
0 0 0 0 0 588 2200 -998 -595 -1 -1 0 -1448 3166 14774 496 11 11 11 10 10 10
 
0 0 0 0 0 588 2199 -998 -596 -1 -1 0 -1458 3162 14784 496 11 11 11 10 10 10
 
0 0 0 0 0 588 2199 -997 -596 -1 -1 -1 -1448 3154 14790 496 11 11 11 10 10 10
 
0 0 0 0 0 588 2199 -997 -596 -1 -1 -1 -1454 3138 14794 496 11 11 11 10 10 10
 
0 0 0 0 0 588 2198 -997 -596 -1 -1 0 -1456 3150 14726 496 11 11 11 10 10 10
 
0 0 0 0 0 567 2198 -998 -596 0 0 0 -1454 3138 14768 496 11 11 11 10 10 10
 
0 0 0 0 0 574 2198 -998 -596 -1 -2 0 -1438 3168 14800 496 11 11 11 10 10 10
 
0 0 0 0 0 574 2199 -997 -597 -1 -1 -1 -1448 3132 14754 496 11 11 11 10 10 10
 
0 0 0 0 0 574 2199 -998 -596 -1 -1 0 -1452 3178 14744 496 11 11 11 10 10 10
 
0 0 0 0 0 574 2198 -998 -596 -1 -2 0 -1442 3162 14794 496 11 11 11 10 10 10
 
0 0 0 0 0 574 2198 -997 -596 -1 -2 -1 -1442 3148 14794 496 11 11 11 10 10 10
 
0 0 0 0 0 581 2198 -996 -595 -1 -2 -1 -1444 3164 14808 496 11 11 11 10 10 10
 
0 0 0 0 0 581 2197 -997 -595 -1 -1 -1 -1426 3152 14788 496 11 11 11 10 10 10
 
0 0 0 0 0 602 2197 -998 -595 0 0 -1 -1440 3146 14736 496 11 11 11 10 10 10
 
0 0 0 0 0 581 2196 -998 -595 -1 -2 -1 -1450 3156 14752 496 11 11 11 10 10 10
 
0 0 0 0 0 581 2195 -999 -595 -1 -1 0 -1454 3156 14746 496 11 11 11 10 10 10
 
0 0 0 0 0 581 2196 -999 -596 -1 -1 0 -1436 3166 14750 496 11 11 11 10 10 10
 
0 0 0 0 0 581 2196 -999 -596 -1 -1 -1 -1456 3152 14768 496 11 11 11 10 10 10
 
0 0 0 0 0 609 2196 -1000 -596 -1 -2 0 -1444 3148 14766 496 11 11 11 10 10 10
 
0 0 0 0 0 588 2197 -1000 -595 -1 -2 0 -1438 3154 14754 496 11 11 11 10 10 10
 
0 0 0 0 0 581 2196 -1000 -595 -1 -2 0 -1470 3154 14770 496 11 11 11 10 10 10
 
0 0 0 0 0 581 2197 -1000 -594 -1 -1 0 -1460 3174 14762 496 11 11 11 10 10 10
 
0 0 0 0 0 581 2197 -1001 -594 -1 -1 0 -1442 3158 14724 496 11 11 11 10 10 10
 
0 0 0 0 0 581 2197 -999 -595 -1 -1 0 -1448 3164 14728 496 11 11 11 10 10 10
 
0 0 0 0 0 588 2197 -999 -594 -1 -2 -1 -1456 3158 14772 496 11 11 11 10 10 10
 
0 0 0 0 0 588 2198 -999 -593 -1 -2 0 -1456 3184 14756 496 11 11 11 10 10 10
 
0 0 0 0 0 588 2198 -999 -593 -1 -1 0 -1460 3150 14756 496 11 11 11 10 10 10
 
0 0 0 0 0 588 2198 -1000 -593 -1 -1 0 -1460 3152 14736 496 11 11 11 10 10 10
 
0 0 0 0 0 588 2198 -1000 -593 -2 -2 0 -1444 3152 14756 496 11 11 11 10 10 10
 
0 0 0 0 0 588 2197 -999 -592 -1 -2 0 -1440 3156 14772 496 11 11 11 10 10 10
 
0 0 0 0 0 588 2197 -999 -591 -1 -2 0 -1456 3132 14758 496 11 11 11 10 10 10
 
0 0 0 0 0 588 2196 -998 -591 -1 -2 -1 -1440 3164 14776 496 11 11 11 10 10 10
 
0 0 0 0 0 588 2197 -998 -591 0 0 0 -1450 3162 14742 496 11 11 11 10 10 10
 
0 0 0 0 0 574 2199 -998 -590 -1 -1 0 -1466 3146 14752 496 11 11 11 10 10 10
 
0 0 0 0 0 574 2200 -998 -589 -1 -1 0 -1466 3152 14754 496 11 11 11 10 10 10
 
0 0 0 0 0 574 2199 -999 -589 -1 -1 0 -1440 3164 14770 496 11 11 11 10 10 10
 
0 0 0 0 0 581 2200 -997 -589 -1 -1 0 -1444 3154 14756 496 11 11 11 10 10 10
 
0 0 0 0 0 581 2200 -999 -589 -1 -1 0 -1446 3156 14764 496 11 11 11 10 10 10
 
0 0 0 0 0 581 2199 -999 -588 0 0 0 -1442 3152 14780 496 11 11 11 10 10 10
 
0 0 0 0 0 581 2199 -999 -588 -1 -1 -1 -1450 3176 14756 496 11 11 11 10 10 10
 
0 0 0 0 0 588 2199 -998 -588 -1 -1 0 -1430 3150 14726 496 11 11 11 10 10 10
 
0 0 0 0 0 588 2197 -998 -587 -1 -1 0 -1428 3142 14750 496 11 11 11 10 10 10
 
0 0 0 0 0 588 2198 -997 -587 0 1 0 -1438 3158 14780 496 11 11 11 10 10 10
 
0 0 0 0 0 616 2198 -997 -586 -1 -1 0 -1426 3146 14748 496 11 11 11 10 10 10
 
0 0 0 0 0 588 2197 -997 -585 0 1 0 -1458 3146 14754 496 11 11 11 10 10 10
 
0 0 0 0 0 588 2198 -997 -585 0 0 0 -1446 3160 14758 496 11 11 11 10 10 10
 
0 0 0 0 0 588 2200 -999 -585 0 0 -1 -1456 3160 14750 496 11 11 11 10 10 10
 
0 0 0 0 0 588 2199 -999 -584 -1 -1 0 -1438 3176 14776 496 11 11 11 10 10 10
 
0 0 0 0 0 588 2199 -998 -583 0 0 0 -1458 3162 14746 496 11 11 11 10 10 10
 
0 0 0 0 0 588 2198 -998 -583 0 0 0 -1434 3156 14770 496 11 11 11 10 10 10
 
0 0 0 0 0 588 2198 -998 -583 -1 -1 0 -1460 3144 14798 496 11 11 11 10 10 10
 
0 0 0 0 0 588 2198 -997 -583 -1 -1 0 -1438 3160 14754 496 11 11 11 10 10 10
 
0 0 0 0 0 588 2198 -996 -583 -1 -1 0 -1466 3154 14778 496 11 11 11 10 10 10
 
0 0 0 0 0 588 2199 -998 -582 -1 -1 0 -1436 3158 14746 496 11 11 11 10 10 10
 
0 0 0 0 0 588 2198 -998 -581 2 -1 0 -1430 3160 14674 496 11 11 11 10 10 10
 
0 0 0 0 0 588 2202 -997 -581 -1 -1 0 -1448 3156 14764 496 11 11 11 10 10 10
 
0 0 0 0 0 588 2202 -996 -580 -2 -2 0 -1434 3176 14768 496 11 11 11 10 10 10
 
0 0 0 0 0 588 2200 -995 -581 -2 -2 -1 -1452 3162 14792 496 11 11 11 10 10 10
 
0 0 0 0 0 588 2201 -996 -582 0 0 0 -1464 3156 14736 496 11 11 11 10 10 10
 
0 0 0 0 0 588 2201 -996 -581 0 0 0 -1456 3152 14736 496 11 11 11 10 10 10
 
0 0 0 0 0 588 2200 -997 -581 -2 -1 0 -1452 3154 14756 496 11 11 11 10 10 10
 
0 0 0 0 0 588 2199 -997 -581 -1 -1 0 -1436 3160 14762 496 11 11 11 10 10 10
 
0 0 0 0 0 588 2199 -997 -581 0 0 0 -1444 3170 14774 496 11 11 11 10 10 10
 
0 0 0 0 0 588 2198 -998 -581 0 0 0 -1458 3150 14754 496 11 11 11 10 10 10
 
0 0 0 0 0 588 2198 -998 -581 -1 -1 -1 -1442 3130 14738 496 11 11 11 10 10 10
 
0 0 0 0 0 588 2199 -998 -581 -1 -1 0 -1450 3176 14762 496 11 11 11 10 10 10
 
0 0 0 0 0 588 2198 -1000 -581 -1 -1 0 -1442 3156 14778 496 11 11 11 10 10 10
 
0 0 0 0 0 588 2198 -999 -580 0 0 -1 -1444 3136 14748 496 11 11 11 10 10 10
 
0 0 0 0 0 588 2198 -998 -580 0 0 0 -1454 3154 14788 496 11 11 11 10 10 10
 
0 0 0 0 0 588 2198 -999 -580 0 0 0 -1440 3156 14746 496 11 11 11 10 10 10
 
0 0 0 0 0 588 2198 -998 -579 0 0 -1 -1424 3146 14758 496 11 11 11 10 10 10
 
0 0 0 0 0 581 2199 -998 -579 0 0 0 -1438 3130 14736 496 11 11 11 10 10 10
 
0 0 0 0 0 581 2199 -999 -578 -1 -1 0 -1452 3138 14754 496 11 11 11 10 10 10
 
0 0 0 0 0 581 2200 -999 -578 0 0 0 -1450 3162 14748 496 11 11 11 10 10 10
 
0 0 0 0 0 581 2201 -999 -578 -1 -1 -1 -1434 3140 14748 496 11 11 11 10 10 10
 
0 0 0 0 0 581 2200 -999 -578 -1 -1 -1 -1452 3166 14754 496 11 11 11 10 10 10
 
0 0 0 0 0 609 2199 -998 -578 -1 -1 0 -1444 3158 14760 496 11 11 11 10 10 10
 
0 0 0 0 0 581 2199 -999 -577 -1 -1 0 -1434 3166 14800 496 11 11 11 10 10 10
 
0 0 0 0 0 581 2200 -1000 -577 0 0 0 -1486 3166 14774 496 11 11 11 10 10 10
 
0 0 0 0 0 609 2199 -1000 -576 -1 -2 0 -1446 3148 14758 496 11 11 11 10 10 10
 
0 0 0 0 0 581 2198 -1001 -575 -1 -1 0 -1430 3146 14776 496 11 11 11 10 10 10
 
0 0 0 0 0 581 2198 -1000 -574 -1 -1 0 -1436 3148 14764 496 11 11 11 10 10 10
 
0 0 0 0 0 581 2198 -1001 -573 -1 -1 0 -1440 3156 14778 496 11 11 11 10 10 10
 
0 0 0 0 0 574 2197 -999 -571 -1 -1 0 -1432 3180 14782 496 11 11 11 10 10 10
 
0 0 0 0 0 574 2197 -999 -571 -1 -1 0 -1460 3158 14788 496 11 11 11 10 10 10
 
0 0 0 0 0 588 2197 -999 -571 -1 -2 -1 -1452 3160 14766 496 11 11 11 10 10 10
 
0 0 0 0 0 588 2197 -999 -571 -1 -1 0 -1420 3162 14754 496 11 11 11 10 10 10
 
0 0 0 0 0 588 2197 -999 -571 -1 -2 0 -1422 3138 14744 496 11 11 11 10 10 10
 
0 0 0 0 0 588 2196 -1000 -570 -1 -1 0 -1420 3150 14750 496 11 11 11 10 10 10
 
0 0 0 0 0 581 2197 -999 -570 -1 -1 0 -1418 3166 14798 496 11 11 11 10 10 10
 
0 0 0 0 0 609 2198 -997 -570 -1 -2 0 -1432 3152 14756 496 11 11 11 10 10 10
 
0 0 0 0 0 581 2198 -998 -569 0 0 0 -1420 3158 14804 496 11 11 11 10 10 10
 
0 0 0 0 0 574 2198 -997 -570 0 0 0 -1444 3166 14752 496 11 11 11 10 10 10
 
0 0 0 0 0 574 2198 -998 -569 -1 -2 0 -1452 3164 14774 496 11 11 11 10 10 10
 
0 0 0 0 0 567 2199 -999 -569 -1 -1 0 -1424 3158 14774 496 11 11 11 10 10 10
 
0 0 0 0 0 574 2198 -999 -570 0 0 0 -1448 3144 14772 496 11 11 11 10 10 10
 
0 0 0 0 0 567 2200 -999 -569 -1 -3 -1 -1448 3170 14810 496 11 11 11 10 10 10
 
0 0 0 0 0 567 2199 -999 -570 -1 -1 -1 -1452 3170 14778 496 11 11 11 10 10 10
 
0 0 0 0 0 567 2200 -999 -571 -1 -1 -1 -1460 3132 14794 496 11 11 11 10 10 10
 
0 0 0 0 0 567 2200 -998 -571 -1 -1 0 -1432 3176 14808 496 11 11 11 10 10 10
 
0 0 0 0 0 567 2200 -998 -570 -1 -1 0 -1442 3178 14766 496 11 11 11 10 10 10
 
0 0 0 0 0 567 2199 -999 -570 0 0 0 -1422 3160 14762 496 11 11 11 10 10 10
 
0 0 0 0 0 567 2200 -998 -569 -1 -1 0 -1442 3172 14774 496 11 11 11 10 10 10
 
0 0 0 0 0 595 2199 -998 -569 0 0 0 -1426 3174 14768 496 11 11 11 10 10 10
 
0 0 0 0 0 567 2201 -997 -568 -1 -1 0 -1456 3174 14748 496 11 11 11 10 10 10
 
0 0 0 0 0 567 2201 -997 -568 -1 -1 -1 -1434 3144 14776 496 11 11 11 10 10 10
 
0 0 0 0 0 567 2201 -997 -567 -1 -1 0 -1432 3166 14792 496 11 11 11 10 10 10
 
0 0 0 0 0 567 2201 -996 -567 -1 -1 0 -1434 3164 14762 496 11 11 11 10 10 10
 
0 0 0 0 0 567 2201 -996 -567 -1 -1 0 -1450 3174 14794 496 11 11 11 10 10 10
 
0 0 0 0 0 567 2202 -997 -567 0 0 0 -1418 3170 14766 496 11 11 11 10 10 10
 
0 0 0 0 0 567 2202 -998 -566 -1 -2 0 -1424 3186 14774 496 11 11 11 10 10 10
 
0 0 0 0 0 567 2201 -998 -566 -1 -2 0 -1446 3152 14756 496 11 11 11 10 10 10
 
0 0 0 0 0 595 2201 -998 -566 -1 -1 -1 -1446 3140 14752 496 11 11 11 10 10 10
 
0 0 0 0 0 588 2201 -998 -566 -1 -1 -1 -1446 3164 14758 496 11 11 11 10 10 10
 
0 0 0 0 0 581 2201 -999 -566 -1 -2 -1 -1452 3162 14750 496 11 11 11 10 10 10
 
0 0 0 0 0 609 2201 -1000 -565 -1 -1 0 -1426 3154 14796 496 11 11 11 10 10 10
 
0 0 0 0 0 581 2200 -1000 -565 -1 -1 0 -1444 3170 14764 496 11 11 11 10 10 10
 
0 0 0 0 0 581 2199 -998 -564 -1 -1 0 -1452 3176 14792 496 11 11 11 10 10 10
 
0 0 0 0 0 574 2199 -998 -564 -1 -1 0 -1430 3170 14734 496 11 11 11 10 10 10
 
0 0 0 0 0 574 2199 -998 -564 -1 -2 0 -1432 3162 14778 496 11 11 11 10 10 10
 
0 0 0 0 0 574 2199 -998 -564 -1 -1 0 -1438 3170 14774 496 11 11 11 10 10 10
 
0 0 0 0 0 574 2199 -999 -564 -1 -1 -1 -1442 3150 14768 496 11 11 11 10 10 10
 
0 0 0 0 0 567 2198 -999 -563 -1 -1 -1 -1442 3140 14728 496 11 11 11 10 10 10
 
0 0 0 0 0 567 2199 -1000 -562 -1 -1 -1 -1468 3160 14784 496 11 11 11 10 10 10
 
0 0 0 0 0 567 2199 -1001 -562 -1 -2 -1 -1448 3164 14744 496 11 11 11 10 10 10
 
0 0 0 0 0 567 2199 -1001 -563 0 -1 -1 -1430 3170 14778 496 11 11 11 10 10 10
 
0 0 0 0 0 567 2199 -1001 -563 -1 -2 -1 -1446 3188 14774 496 11 11 11 10 10 10
 
0 0 0 0 0 609 2200 -1002 -562 -1 -1 0 -1446 3178 14760 496 11 11 11 10 10 10
 
0 0 0 0 0 581 2199 -1002 -561 -1 -2 0 -1466 3164 14762 496 11 11 11 10 10 10
 
0 0 0 0 0 581 2199 -1000 -561 -1 -1 0 -1438 3164 14782 496 11 11 11 10 10 10
 
0 0 0 0 0 581 2200 -1000 -561 -1 -1 0 -1452 3160 14766 496 11 11 11 10 10 10
 
0 0 0 0 0 581 2200 -1000 -561 -1 -1 0 -1438 3166 14750 496 11 11 11 10 10 10
 
0 0 0 0 0 581 2201 -999 -561 -1 -2 0 -1440 3170 14778 496 11 11 11 10 10 10
 
0 0 0 0 0 581 2200 -998 -561 -1 -2 1 -1450 3168 14762 496 11 11 11 10 10 10
 
0 0 0 0 0 581 2199 -997 -560 -1 -1 0 -1448 3170 14784 496 11 11 11 10 10 10
 
0 0 0 0 0 581 2200 -998 -560 -1 -1 0 -1452 3174 14736 496 11 11 11 10 10 10
 
0 0 0 0 0 581 2199 -998 -560 -1 -1 0 -1460 3162 14740 496 11 11 11 10 10 10
 
0 0 0 0 0 609 2199 -997 -560 0 0 0 -1458 3166 14782 496 11 11 11 10 10 10
 
0 0 0 0 0 574 2200 -997 -560 -1 -1 0 -1442 3156 14754 496 11 11 11 10 10 10
 
0 0 0 0 0 567 2200 -997 -559 0 0 0 -1472 3166 14762 496 11 11 11 10 10 10
 
0 0 0 0 0 574 2200 -997 -559 -1 -1 0 -1450 3162 14776 496 11 11 11 10 10 10
 
0 0 0 0 0 574 2200 -996 -559 -1 -1 0 -1440 3152 14760 496 11 11 11 10 10 10
 
0 0 0 0 0 574 2200 -996 -558 -1 -1 0 -1446 3150 14774 496 11 11 11 10 10 10
 
0 0 0 0 0 574 2200 -996 -558 -1 -1 0 -1464 3172 14768 496 11 11 11 10 10 10
 
0 0 0 0 0 581 2199 -999 -558 0 0 0 -1472 3160 14778 496 11 11 11 10 10 10
 
0 0 0 0 0 588 2199 -1000 -558 -1 -1 0 -1474 3166 14726 496 11 11 11 10 10 10
 
0 0 0 0 0 588 2201 -1000 -557 -1 -1 0 -1444 3174 14766 496 11 11 11 10 10 10
 
0 0 0 0 0 588 2202 -999 -557 -1 -1 0 -1468 3168 14756 496 11 11 11 10 10 10
 
0 0 0 0 0 588 2201 -999 -557 -1 -1 -1 -1446 3150 14750 496 11 11 11 10 10 10
 
0 0 0 0 0 588 2200 -999 -558 -1 -2 0 -1456 3142 14754 496 11 11 11 10 10 10
 
0 0 0 0 0 588 2200 -998 -558 -1 -1 0 -1452 3160 14790 496 11 11 11 10 10 10
 
0 0 0 0 0 588 2201 -999 -558 -1 -1 0 -1466 3156 14758 496 11 11 11 10 10 10
 
0 0 0 0 0 588 2201 -998 -559 -1 -1 0 -1474 3158 14732 496 11 11 11 10 10 10
 
0 0 0 0 0 595 2201 -999 -559 -1 -2 0 -1462 3148 14758 496 11 11 11 10 10 10
 
0 0 0 0 0 595 2200 -998 -559 -1 -2 0 -1460 3156 14698 496 11 11 11 10 10 10
 
0 0 0 0 0 595 2199 -999 -559 -1 -1 0 -1462 3152 14736 496 11 11 11 10 10 10
 
0 0 0 0 0 588 2200 -999 -558 -1 -1 0 -1462 3188 14716 496 11 11 11 10 10 10
 
0 0 0 0 0 588 2200 -999 -558 -1 -2 0 -1472 3168 14768 496 11 11 11 10 10 10
 
0 0 0 0 0 588 2200 -1000 -558 -1 -1 -1 -1456 3150 14732 496 11 11 11 10 10 10
 
0 0 0 0 0 588 2201 -999 -558 -1 -1 -1 -1466 3162 14744 496 11 11 11 10 10 10
 
0 0 0 0 0 588 2201 -999 -558 0 0 0 -1458 3152 14750 496 11 11 11 10 10 10
 
0 0 0 0 0 588 2201 -999 -558 -1 -1 -1 -1430 3150 14742 496 11 11 11 10 10 10
 
0 0 0 0 0 588 2201 -999 -557 -1 -1 0 -1452 3152 14780 496 11 11 11 10 10 10
 
0 0 0 0 0 595 2202 -999 -557 -1 -2 -1 -1458 3148 14756 496 11 11 11 10 10 10
 
0 0 0 0 0 595 2202 -998 -557 -1 -2 0 -1484 3170 14750 496 11 11 11 10 10 10
 
0 0 0 0 0 595 2200 -999 -557 -1 -1 0 -1474 3160 14750 496 11 11 11 10 10 10
 
0 0 0 0 0 588 2200 -998 -557 -1 -1 0 -1464 3134 14710 496 11 11 11 10 10 10
 
0 0 0 0 0 588 2199 -999 -557 -1 -2 -1 -1464 3140 14734 496 11 11 11 10 10 10
 
0 0 0 0 0 588 2200 -998 -557 -1 -1 -1 -1464 3148 14780 496 11 11 11 10 10 10
 
0 0 0 0 0 595 2200 -998 -556 -1 -1 0 -1464 3154 14706 496 11 11 11 10 10 10
 
0 0 0 0 0 588 2200 -999 -557 -1 -1 0 -1460 3148 14774 496 11 11 11 10 10 10
 
0 0 0 0 0 588 2201 -1000 -557 -1 -1 -1 -1476 3164 14768 496 11 11 11 10 10 10
 
0 0 0 0 0 588 2202 -1000 -557 -1 -1 0 -1462 3154 14776 496 11 11 11 10 10 10
 
0 0 0 0 0 588 2200 -999 -557 -1 -1 0 -1444 3172 14780 496 11 11 11 10 10 10
 
0 0 0 0 0 588 2200 -999 -557 -1 -1 0 -1452 3132 14740 496 11 11 11 10 10 10
 
0 0 0 0 0 588 2200 -1000 -557 -1 -1 0 -1472 3164 14752 496 11 11 11 10 10 10
 
0 0 0 0 0 588 2200 -999 -557 -1 -2 -1 -1478 3154 14748 496 11 11 11 10 10 10
 
0 0 0 0 0 588 2201 -999 -557 -1 -1 0 -1452 3164 14734 496 11 11 11 10 10 10
 
0 0 0 0 0 588 2200 -999 -556 -1 -2 -1 -1468 3152 14758 496 11 11 11 10 10 10
 
0 0 0 0 0 581 2201 -999 -555 -1 -2 0 -1460 3128 14756 496 11 11 11 10 10 10
 
0 0 0 0 0 588 2201 -1000 -554 -1 -1 0 -1448 3154 14758 496 11 11 11 10 10 10
 
0 0 0 0 0 588 2201 -998 -555 -1 -1 0 -1448 3146 14728 496 11 11 11 10 10 10
 
0 0 0 0 0 581 2200 -998 -555 -1 -2 -1 -1464 3150 14718 496 11 11 11 10 10 10
 
0 0 0 0 0 581 2200 -997 -555 0 0 0 -1466 3152 14742 496 11 11 11 10 10 10
 
0 0 0 0 0 581 2199 -999 -555 -1 -1 0 -1466 3152 14752 496 11 11 11 10 10 10
 
0 0 0 0 0 581 2199 -997 -555 -1 -1 0 -1452 3144 14776 496 11 11 11 10 10 10
 
0 0 0 0 0 581 2200 -996 -555 0 0 0 -1448 3150 14754 496 11 11 11 10 10 10
 
0 0 0 0 0 581 2200 -997 -554 0 0 -1 -1432 3150 14772 496 11 11 11 10 10 10
 
0 0 0 0 0 581 2200 -997 -554 -1 -1 0 -1476 3142 14760 496 11 11 11 10 10 10
 
0 0 0 0 0 581 2200 -997 -554 -1 -2 0 -1448 3140 14778 496 11 11 11 10 10 10
 
0 0 0 0 0 581 2201 -997 -554 -1 -1 0 -1450 3142 14766 496 11 11 11 10 10 10
 
0 0 0 0 0 581 2200 -998 -554 -1 -1 -1 -1460 3166 14742 496 11 11 11 10 10 10
 
0 0 0 0 0 581 2201 -998 -554 -1 -2 0 -1448 3152 14744 496 11 11 11 10 10 10
 
0 0 0 0 0 581 2201 -998 -554 -1 -1 -1 -1454 3132 14790 496 11 11 11 10 10 10
 
0 0 0 0 0 588 2200 -999 -553 0 0 0 -1460 3150 14762 496 11 11 11 10 10 10
 
0 0 0 0 0 588 2200 -999 -553 -1 -1 0 -1444 3154 14750 496 11 11 11 10 10 10
 
0 0 0 0 0 588 2200 -999 -551 -1 -1 0 -1468 3156 14784 496 11 11 11 10 10 10
 
0 0 0 0 0 588 2201 -998 -551 -1 -2 0 -1444 3152 14740 496 11 11 11 10 10 10
 
0 0 0 0 0 588 2201 -999 -551 -1 -2 0 -1456 3176 14730 496 11 11 11 10 10 10
 
0 0 0 0 0 588 2201 -999 -549 -1 -2 0 -1454 3152 14774 496 11 11 11 10 10 10
 
0 0 0 0 0 588 2200 -998 -548 -1 -2 0 -1436 3152 14758 496 11 11 11 10 10 10
 
0 0 0 0 0 581 2200 -998 -548 -1 -2 0 -1452 3154 14760 496 11 11 11 10 10 10
 
0 0 0 0 0 581 2198 -1003 -572 -1 -1 -1 -1424 3156 14736 496 11 11 11 10 10 10
 
0 0 0 0 0 574 2199 -1001 -573 -1 -1 -1 -1456 3166 14742 496 11 11 11 10 10 10
 
0 0 0 0 0 574 2199 -1000 -571 -1 -2 0 -1456 3156 14776 496 11 11 11 10 10 10
 
0 0 0 0 0 574 2199 -1000 -571 0 0 0 -1462 3132 14750 496 11 11 11 10 10 10
 
0 0 0 0 0 574 2199 -1000 -571 -1 -1 0 -1470 3146 14736 496 11 11 11 10 10 10
 
0 0 0 0 0 574 2200 -1000 -569 -1 -1 0 -1436 3146 14796 496 11 11 11 10 10 10
 
0 0 0 0 0 574 2199 -999 -569 -1 -2 -1 -1450 3146 14768 496 11 11 11 10 10 10
 
0 0 0 0 0 574 2198 -999 -569 -1 -2 -1 -1478 3146 14734 496 11 11 11 10 10 10
 
0 0 0 0 0 602 2199 -998 -568 -1 -1 0 -1432 3164 14802 496 11 11 11 10 10 10
 
0 0 0 0 0 574 2199 -998 -567 -1 -2 0 -1456 3150 14776 496 11 11 11 10 10 10
 
0 0 0 0 0 574 2199 -998 -567 -1 -2 -1 -1434 3174 14720 496 11 11 11 10 10 10
 
0 0 0 0 0 602 2200 -997 -566 -1 -1 0 -1456 3164 14730 496 11 11 11 10 10 10
 
0 0 0 0 0 574 2201 -998 -566 -1 -1 0 -1456 3146 14750 496 11 11 11 10 10 10
 
0 0 0 0 0 574 2200 -999 -565 -1 -1 0 -1444 3148 14770 496 11 11 11 10 10 10
 
0 0 0 0 0 574 2199 -1000 -564 -1 -2 -1 -1432 3138 14766 496 11 11 11 10 10 10
 
0 0 0 0 0 574 2199 -1000 -564 0 0 -1 -1430 3162 14764 496 11 11 11 10 10 10
 
0 0 0 0 0 574 2200 -999 -563 -1 -1 0 -1440 3152 14782 496 11 11 11 10 10 10
 
0 0 0 0 0 588 2200 -998 -562 -1 -1 0 -1416 3148 14774 496 11 11 11 10 10 10
 
0 0 0 0 0 588 2200 -998 -562 -1 -1 0 -1424 3184 14754 496 11 11 11 10 10 10
 
0 0 0 0 0 588 2202 -998 -561 -1 -1 0 -1442 3170 14748 496 11 11 11 10 10 10
 
0 0 0 0 0 588 2203 -999 -560 -1 -1 0 -1432 3158 14784 496 11 11 11 10 10 10
 
0 0 0 0 0 581 2201 -1000 -560 -1 -1 -1 -1436 3146 14764 496 11 11 11 10 10 10
 
0 0 0 0 0 581 2201 -999 -560 -1 -2 0 -1448 3176 14774 496 11 11 11 10 10 10
 
0 0 0 0 0 581 2201 -997 -560 -1 -1 0 -1412 3170 14782 496 11 11 11 10 10 10
 
0 0 0 0 0 574 2200 -997 -560 -1 -2 0 -1426 3144 14746 496 11 11 11 10 10 10
 
0 0 0 0 0 574 2201 -998 -559 0 0 0 -1416 3160 14778 496 11 11 11 10 10 10
 
0 0 0 0 0 574 2201 -998 -559 -1 -1 0 -1440 3166 14764 496 11 11 11 10 10 10
 
0 0 0 0 0 574 2201 -998 -559 -1 -2 -1 -1434 3158 14750 496 11 11 11 10 10 10
 
0 0 0 0 0 574 2201 -999 -557 -1 -1 0 -1434 3166 14756 496 11 11 11 10 10 10
 
0 0 0 0 0 574 2201 -999 -557 -1 -1 -1 -1422 3172 14742 496 11 11 11 10 10 10
 
0 0 0 0 0 574 2201 -998 -557 -1 -1 -1 -1412 3160 14752 496 11 11 11 10 10 10
 
0 0 0 0 0 574 2201 -998 -556 -1 -1 0 -1452 3170 14782 496 11 11 11 10 10 10
 
0 0 0 0 0 574 2201 -997 -556 -1 -1 -1 -1456 3170 14800 496 11 11 11 10 10 10
 
0 0 0 0 0 574 2201 -998 -555 -1 -1 0 -1448 3168 14766 496 11 11 11 10 10 10
 
0 0 0 0 0 574 2201 -998 -555 -1 -1 0 -1424 3182 14770 496 11 11 11 10 10 10
 
0 0 0 0 0 567 2201 -998 -554 -1 -1 0 -1444 3162 14746 496 11 11 11 10 10 10
 
0 0 0 0 0 567 2201 -997 -554 0 0 -1 -1420 3166 14776 496 11 11 11 10 10 10
 
0 0 0 0 0 574 2201 -996 -553 0 1 0 -1440 3166 14786 496 11 11 11 10 10 10
 
0 0 0 0 0 567 2200 -998 -553 0 0 0 -1416 3164 14776 496 11 11 11 10 10 10
 
0 0 0 0 0 567 2199 -997 -553 0 0 -1 -1418 3156 14786 496 11 11 11 10 10 10
 
0 0 0 0 0 567 2198 -997 -552 0 0 0 -1434 3166 14798 496 11 11 11 10 10 10
 
0 0 0 0 0 567 2197 -997 -552 0 1 0 -1458 3152 14764 496 11 11 11 10 10 10
 
0 0 0 0 0 602 2198 -998 -551 0 0 0 -1440 3162 14814 496 11 11 11 10 10 10
 
0 0 0 0 0 581 2198 -998 -551 1 0 -1 -1438 3174 14770 496 11 11 11 10 10 10
 
0 0 0 0 0 609 2199 -998 -550 0 0 -1 -1432 3164 14756 496 11 11 11 10 10 10
 
0 0 0 0 0 609 2198 -998 -550 0 0 0 -1462 3178 14764 496 11 11 11 10 10 10
 
0 0 0 0 0 581 2198 -998 -550 0 0 0 -1420 3140 14768 496 11 11 11 10 10 10
 
0 0 0 0 0 574 2198 -999 -549 -1 -1 0 -1438 3178 14796 496 11 11 11 10 10 10
 
0 0 0 0 0 574 2197 -999 -548 0 0 0 -1452 3166 14788 496 11 11 11 10 10 10
 
0 0 0 0 0 567 2198 -1000 -548 0 0 -1 -1438 3180 14748 496 11 11 11 10 10 10
 
0 0 0 0 0 567 2198 -1000 -548 0 0 -1 -1436 3160 14774 496 11 11 11 10 10 10
 
0 0 0 0 0 567 2198 -999 -548 1 0 0 -1440 3158 14792 496 11 11 11 10 10 10
 
0 0 0 0 0 567 2200 -1000 -547 0 1 -1 -1448 3186 14766 496 11 11 11 10 10 10
 
0 0 0 0 0 567 2200 -1000 -547 0 0 0 -1432 3154 14764 496 11 11 11 10 10 10
 
0 0 0 0 0 567 2200 -998 -547 -1 -1 -1 -1426 3174 14778 496 11 11 11 10 10 10
 
0 0 0 0 0 567 2200 -999 -547 0 0 0 -1438 3176 14748 496 11 11 11 10 10 10
 
0 0 0 0 0 567 2201 -1000 -545 0 0 -1 -1466 3164 14752 496 11 11 11 10 10 10
 
0 0 0 0 0 567 2200 -999 -545 0 0 0 -1454 3176 14792 496 11 11 11 10 10 10
 
0 0 0 0 0 567 2200 -999 -545 0 0 0 -1442 3162 14778 496 11 11 11 10 10 10
 
0 0 0 0 0 588 2199 -998 -546 0 0 -1 -1446 3178 14758 496 11 11 11 10 10 10
 
0 0 0 0 0 560 2199 -998 -545 0 0 0 -1460 3174 14746 496 11 11 11 10 10 10
 
0 0 0 0 0 560 2199 -998 -544 0 0 -1 -1416 3174 14778 496 11 11 11 10 10 10
 
0 0 0 0 0 560 2198 -998 -544 0 0 0 -1430 3162 14776 496 11 11 11 10 10 10
 
0 0 0 0 0 560 2200 -998 -542 0 1 0 -1448 3162 14772 496 11 11 11 10 10 10
 
0 0 0 0 0 560 2200 -998 -541 0 0 0 -1448 3152 14776 496 11 11 11 10 10 10
 
0 0 0 0 0 560 2200 -999 -541 0 0 0 -1446 3172 14746 496 11 11 11 10 10 10
 
0 0 0 0 0 574 2201 -998 -540 0 0 0 -1458 3174 14772 496 11 11 11 10 10 10
 
0 0 0 0 0 574 2200 -998 -538 0 0 0 -1460 3148 14812 496 11 11 11 10 10 10
 
0 0 0 0 0 574 2199 -997 -538 0 0 0 -1432 3168 14782 496 11 11 11 10 10 10
 
0 0 0 0 0 567 2199 -998 -537 0 0 -1 -1442 3186 14766 496 11 11 11 10 10 10
 
0 0 0 0 0 567 2199 -999 -537 -1 -1 -1 -1460 3168 14762 496 11 11 11 10 10 10
 
0 0 0 0 0 567 2200 -998 -536 0 0 0 -1436 3154 14782 496 11 11 11 10 10 10
 
0 0 0 0 0 567 2200 -998 -536 0 1 -1 -1464 3156 14754 496 11 11 11 10 10 10
 
0 0 0 0 0 574 2202 -998 -535 0 1 0 -1464 3144 14744 496 11 11 11 10 10 10
 
0 0 0 0 0 574 2201 -998 -534 0 1 0 -1444 3166 14764 496 11 11 11 10 10 10
 
0 0 0 0 0 574 2201 -997 -534 0 0 0 -1450 3192 14794 496 11 11 11 10 10 10
 
0 0 0 0 0 574 2201 -997 -533 -1 -1 0 -1442 3160 14756 496 11 11 11 10 10 10
 
0 0 0 0 0 581 2200 -996 -532 -1 -1 0 -1426 3176 14724 496 11 11 11 10 10 10
 
0 0 0 0 0 581 2202 -997 -533 -1 -1 -1 -1442 3176 14740 496 11 11 11 10 10 10
 
0 0 0 0 0 581 2201 -999 -548 -1 -1 0 -1454 3174 14744 496 11 11 11 10 10 10
 
0 0 0 0 0 581 2200 -998 -548 -1 -1 0 -1454 3168 14798 496 11 11 11 10 10 10
 
0 0 0 0 0 581 2200 -997 -547 -1 -1 0 -1456 3158 14756 496 11 11 11 10 10 10
 
0 0 0 0 0 581 2200 -996 -547 -1 -3 0 -1446 3168 14748 496 11 11 11 10 10 10
 
0 0 0 0 0 581 2200 -996 -547 -1 -1 0 -1464 3160 14798 496 11 11 11 10 10 10
 
0 0 0 0 0 581 2200 -998 -547 -1 -1 -1 -1482 3164 14744 496 11 11 11 10 10 10
 
0 0 0 0 0 581 2201 -999 -547 -1 -2 0 -1452 3142 14738 496 11 11 11 10 10 10
 
0 0 0 0 0 581 2199 -1000 -547 0 0 -1 -1462 3136 14762 496 11 11 11 10 10 10
 
0 0 0 0 0 581 2199 -1000 -547 -1 -1 0 -1460 3134 14770 496 11 11 11 10 10 10
 
0 0 0 0 0 581 2199 -1000 -546 -1 -2 0 -1454 3152 14730 496 11 11 11 10 10 10
 
0 0 0 0 0 581 2199 -1000 -546 -1 -1 0 -1444 3136 14766 496 11 11 11 10 10 10
 
0 0 0 0 0 581 2199 -1000 -546 -1 -1 -1 -1478 3156 14708 496 11 11 11 10 10 10
 
0 0 0 0 0 581 2199 -1000 -546 -1 -1 -1 -1446 3154 14762 496 11 11 11 10 10 10
 
0 0 0 0 0 616 2199 -1000 -545 -1 -1 0 -1452 3178 14756 496 11 11 11 10 10 10
 
0 0 0 0 0 574 2200 -1000 -545 -1 -2 -1 -1484 3138 14768 496 11 11 11 10 10 10
 
0 0 0 0 0 574 2199 -999 -545 -1 -1 0 -1446 3172 14752 496 11 11 11 10 10 10
 
0 0 0 0 0 574 2200 -999 -545 0 0 0 -1476 3164 14760 496 11 11 11 10 10 10
 
0 0 0 0 0 574 2199 -1001 -545 -1 -2 0 -1472 3144 14750 496 11 11 11 10 10 10
 
0 0 0 0 0 574 2198 -999 -544 0 0 0 -1468 3150 14782 496 11 11 11 10 10 10
 
0 0 0 0 0 581 2198 -998 -544 -1 -1 0 -1474 3168 14748 496 11 11 11 10 10 10
 
0 0 0 0 0 581 2199 -999 -544 -1 -1 -1 -1462 3146 14752 496 11 11 11 10 10 10
 
0 0 0 0 0 574 2198 -998 -543 -1 -2 0 -1444 3154 14740 496 11 11 11 10 10 10
 
0 0 0 0 0 581 2199 -997 -541 0 0 0 -1460 3150 14734 496 11 11 11 10 10 10
 
0 0 0 0 0 581 2199 -998 -540 -1 -2 0 -1468 3160 14726 496 11 11 11 10 10 10
 
0 0 0 0 0 574 2200 -998 -540 0 0 0 -1456 3152 14778 496 11 11 11 10 10 10
 
0 0 0 0 0 574 2201 -997 -539 -1 -1 0 -1466 3150 14714 496 11 11 11 10 10 10
 
0 0 0 0 0 574 2201 -997 -539 -1 -2 0 -1488 3168 14774 496 11 11 11 10 10 10
 
0 0 0 0 0 574 2201 -997 -539 0 0 0 -1468 3172 14728 496 11 11 11 10 10 10
 
0 0 0 0 0 574 2201 -997 -537 -1 -1 0 -1466 3148 14744 496 11 11 11 10 10 10
 
0 0 0 0 0 574 2201 -997 -537 -1 -1 -1 -1466 3156 14730 496 11 11 11 10 10 10
 
0 0 0 0 0 574 2201 -997 -537 -1 -1 0 -1458 3182 14766 496 11 11 11 10 10 10
 
0 0 0 0 0 574 2202 -997 -536 -1 -2 0 -1450 3150 14734 496 11 11 11 10 10 10
 
0 0 0 0 0 574 2201 -997 -536 0 0 0 -1464 3168 14744 496 11 11 11 10 10 10
 
0 0 0 0 0 567 2202 -997 -535 0 0 0 -1480 3170 14744 496 11 11 11 10 10 10
 
0 0 0 0 0 567 2201 -998 -533 -1 -1 0 -1486 3164 14740 496 11 11 11 10 10 10
 
0 0 0 0 0 567 2201 -998 -533 -1 -1 -1 -1478 3142 14762 496 11 11 11 10 10 10
 
0 0 0 0 0 567 2200 -1000 -533 -1 -2 -1 -1460 3172 14758 496 11 11 11 10 10 10
 
0 0 0 0 0 567 2200 -1000 -533 0 0 -1 -1444 3156 14736 496 11 11 11 10 10 10
 
0 0 0 0 0 567 2201 -999 -533 -1 -1 -1 -1460 3128 14760 496 11 11 11 10 10 10
 
0 0 0 0 0 567 2200 -1000 -532 -1 -1 0 -1450 3136 14758 496 11 11 11 10 10 10
 
0 0 0 0 0 567 2199 -998 -532 -1 -1 -1 -1464 3130 14758 496 11 11 11 10 10 10
 
0 0 0 0 0 567 2200 -998 -532 0 0 0 -1466 3148 14764 496 11 11 11 10 10 10
 
0 0 0 0 0 581 2200 -997 -530 -1 -1 0 -1436 3136 14730 496 11 11 11 10 10 10
 
0 0 0 0 0 581 2200 -997 -531 -1 -1 -1 -1458 3128 14780 496 11 11 11 10 10 10
 
0 0 0 0 0 581 2199 -997 -530 -1 -1 0 -1458 3158 14780 496 11 11 11 10 10 10
 
0 0 0 0 0 574 2200 -998 -530 -1 -2 -1 -1454 3158 14752 496 11 11 11 10 10 10
 
0 0 0 0 0 574 2200 -998 -530 -1 -1 -1 -1452 3160 14758 496 11 11 11 10 10 10
 
0 0 0 0 0 574 2200 -998 -530 -1 -1 0 -1466 3144 14760 496 11 11 11 10 10 10
 
0 0 0 0 0 574 2200 -998 -529 -1 -1 0 -1452 3162 14754 496 11 11 11 10 10 10
 
0 0 0 0 0 567 2200 -998 -528 0 0 -1 -1474 3128 14774 496 11 11 11 10 10 10
 
0 0 0 0 0 567 2200 -997 -529 -1 -1 -1 -1470 3164 14722 496 11 11 11 10 10 10
 
0 0 0 0 0 567 2200 -998 -529 -1 -1 0 -1466 3138 14722 496 11 11 11 10 10 10
 
0 0 0 0 0 567 2200 -998 -529 -1 -1 0 -1456 3154 14768 496 11 11 11 10 10 10
 
0 0 0 0 0 567 2201 -998 -529 -1 -1 0 -1448 3158 14752 496 11 11 11 10 10 10
 
0 0 0 0 0 567 2200 -998 -528 -1 -1 0 -1444 3150 14706 496 11 11 11 10 10 10
 
0 0 0 0 0 567 2200 -996 -528 -1 -1 0 -1434 3148 14750 496 11 11 11 10 10 10
 
0 0 0 0 0 560 2200 -997 -528 -1 -1 -1 -1450 3164 14728 496 11 11 11 10 10 10
 
0 0 0 0 0 567 2200 -998 -528 0 0 0 -1446 3132 14754 496 11 11 11 10 10 10
 
0 0 0 0 0 567 2199 -999 -528 -1 -1 -1 -1436 3158 14790 496 11 11 11 10 10 10
 
0 0 0 0 0 567 2200 -999 -529 0 0 -1 -1474 3148 14754 496 11 11 11 10 10 10
 
0 0 0 0 0 567 2198 -1000 -529 -1 -1 0 -1458 3158 14782 496 11 11 11 10 10 10
 
0 0 0 0 0 567 2198 -1000 -528 -1 -1 -1 -1430 3138 14804 496 11 11 11 10 10 10
 
0 0 0 0 0 560 2199 -999 -528 -1 -2 0 -1448 3134 14778 496 11 11 11 10 10 10
 
0 0 0 0 0 560 2197 -1000 -528 -1 -2 0 -1438 3158 14738 496 11 11 11 10 10 10
 
0 0 0 0 0 560 2198 -1000 -528 -1 -1 0 -1442 3136 14730 496 11 11 11 10 10 10
 
0 0 0 0 0 560 2199 -1000 -527 -1 -2 0 -1424 3150 14764 496 11 11 11 10 10 10
 
0 0 0 0 0 560 2200 -999 -526 0 0 0 -1426 3144 14758 496 11 11 11 10 10 10
 
0 0 0 0 0 560 2200 -998 -526 -1 -1 0 -1430 3144 14758 496 11 11 11 10 10 10
 
0 0 0 0 0 560 2198 -999 -525 -1 -1 0 -1452 3160 14740 496 11 11 11 10 10 10
 
0 0 0 0 0 574 2199 -999 -525 -1 -1 -1 -1450 3158 14770 496 11 11 11 10 10 10
 
0 0 0 0 0 574 2199 -999 -524 -1 -1 0 -1434 3164 14776 496 11 11 11 10 10 10
 
0 0 0 0 0 574 2199 -999 -524 -1 -1 0 -1456 3154 14722 496 11 11 11 10 10 10
 
0 0 0 0 0 574 2200 -999 -525 -1 -2 -1 -1426 3152 14766 496 11 11 11 10 10 10
 
0 0 0 0 0 567 2199 -1028 -687 1 -2 0 -1436 3176 14760 496 11 11 11 10 10 10
 
0 0 0 0 0 567 2197 -1024 -707 -3 -1 -1 -1416 3176 14832 496 11 11 11 10 10 10
 
0 0 0 0 0 567 2200 -1017 -706 -1 -1 -1 -1450 3162 14778 496 11 11 11 10 10 10
 
0 0 0 0 0 567 2201 -1012 -705 -1 1 -1 -1406 3156 14774 496 11 11 11 10 10 10
 
0 0 0 0 0 560 2198 -997 -619 -1 -1 0 -1448 3144 14772 496 11 11 11 10 10 10
 
0 0 0 0 0 560 2199 -998 -617 -1 -1 0 -1432 3164 14744 496 11 11 11 10 10 10
 
0 0 0 0 0 560 2199 -998 -617 -1 -2 -1 -1434 3160 14802 496 11 11 11 10 10 10
 
0 0 0 0 0 560 2198 -997 -617 -1 -1 0 -1452 3150 14776 496 11 11 11 10 10 10
 
0 0 0 0 0 560 2199 -998 -616 -1 -1 0 -1436 3166 14770 496 11 11 11 10 10 10
 
0 0 0 0 0 560 2198 -998 -616 -1 -1 0 -1436 3158 14764 496 11 11 11 10 10 10
 
0 0 0 0 0 560 2199 -998 -615 -1 -2 0 -1434 3158 14758 496 11 11 11 10 10 10
 
0 0 0 0 0 553 2199 -998 -614 -1 -1 0 -1448 3156 14774 496 11 11 11 10 10 10
 
0 0 0 0 0 560 2198 -998 -614 -1 -2 -1 -1426 3150 14744 496 11 11 11 10 10 10
 
0 0 0 0 0 560 2200 -998 -612 -1 -1 0 -1440 3182 14884 496 11 11 11 10 10 10
 
0 0 0 0 0 553 2200 -999 -611 -1 -1 -1 -1464 3160 14800 496 11 11 11 10 10 10
 
0 0 0 0 0 553 2200 -999 -609 -1 -1 0 -1438 3142 14762 496 11 11 11 10 10 10
 
0 0 0 0 0 553 2199 -997 -609 -1 -1 -1 -1426 3158 14774 496 11 11 11 10 10 10
 
0 0 0 0 0 553 2199 -997 -609 -1 -1 0 -1432 3158 14774 496 11 11 11 10 10 10
 
0 0 0 0 0 553 2199 -996 -607 -1 -2 0 -1420 3178 14782 496 11 11 11 10 10 10
 
0 0 0 0 0 553 2199 -997 -606 -1 -2 -1 -1438 3136 14770 496 11 11 11 10 10 10
 
0 0 0 0 0 553 2199 -998 -605 -1 -1 0 -1438 3166 14774 496 11 11 11 10 10 10
 
0 0 0 0 0 553 2199 -998 -604 0 0 0 -1436 3146 14756 496 11 11 11 10 10 10
 
0 0 0 0 0 553 2200 -997 -603 -1 -1 -1 -1436 3158 14818 496 11 11 11 10 10 10
 
0 0 0 0 0 574 2199 -997 -603 0 0 0 -1438 3154 14796 496 11 11 11 10 10 10
 
0 0 0 0 0 567 2200 -998 -603 -1 -1 -1 -1420 3166 14802 496 11 11 11 10 10 10
 
0 0 0 0 0 567 2199 -999 -603 -1 -2 -1 -1440 3164 14760 496 11 11 11 10 10 10
 
0 0 0 0 0 567 2199 -999 -603 -1 -1 -1 -1438 3170 14744 496 11 11 11 10 10 10
 
0 0 0 0 0 560 2199 -1000 -602 0 0 0 -1440 3154 14780 496 11 11 11 10 10 10
 
0 0 0 0 0 560 2198 -1000 -602 -1 -1 0 -1450 3166 14806 496 11 11 11 10 10 10
 
0 0 0 0 0 560 2199 -1000 -602 -1 -1 0 -1434 3164 14754 496 11 11 11 10 10 10
 
0 0 0 0 0 553 2199 -1000 -601 -1 -2 -1 -1442 3150 14778 496 11 11 11 10 10 10
 
0 0 0 0 0 553 2199 -1000 -601 -1 -1 0 -1436 3164 14756 496 11 11 11 10 10 10
 
0 0 0 0 0 553 2198 -1000 -600 -1 -1 -1 -1436 3174 14776 496 11 11 11 10 10 10
 
0 0 0 0 0 553 2197 -999 -600 -1 -1 0 -1440 3162 14774 496 11 11 11 10 10 10
 
0 0 0 0 0 553 2198 -999 -599 -1 -1 0 -1438 3170 14774 496 11 11 11 10 10 10
 
0 0 0 0 0 553 2198 -998 -599 0 0 0 -1430 3164 14788 496 11 11 11 10 10 10
 
0 0 0 0 0 553 2199 -999 -598 -1 -1 -1 -1422 3142 14784 496 11 11 11 10 10 10
 
0 0 0 0 0 553 2198 -999 -598 -1 -1 0 -1438 3164 14764 496 11 11 11 10 10 10
 
0 0 0 0 0 553 2199 -999 -599 -1 -2 0 -1422 3152 14762 496 11 11 11 10 10 10
 
0 0 0 0 0 553 2200 -998 -599 -1 -1 -1 -1434 3174 14780 496 11 11 11 10 10 10
 
0 0 0 0 0 546 2199 -999 -598 -1 -1 0 -1422 3156 14752 496 11 11 11 10 10 10
 
0 0 0 0 0 546 2199 -999 -599 -1 -2 -1 -1432 3164 14802 496 11 11 11 10 10 10
 
0 0 0 0 0 546 2199 -999 -600 0 0 1 -1438 3160 14782 496 11 11 11 10 10 10
 
0 0 0 0 0 546 2199 -999 -598 0 0 0 -1424 3154 14766 496 11 11 11 10 10 10
 
0 0 0 0 0 546 2200 -998 -597 0 0 0 -1440 3176 14764 496 11 11 11 10 10 10
 
0 0 0 0 0 546 2200 -998 -596 0 -1 0 -1430 3178 14780 496 11 11 11 10 10 10
 
0 0 0 0 0 546 2200 -997 -596 0 0 -1 -1448 3176 14776 496 11 11 11 10 10 10
 
0 0 0 0 0 546 2200 -998 -596 0 0 0 -1464 3156 14794 496 11 11 11 10 10 10
 
0 0 0 0 0 546 2201 -998 -596 0 0 0 -1450 3166 14750 496 11 11 11 10 10 10
 
0 0 0 0 0 546 2200 -998 -595 0 0 -1 -1444 3176 14750 496 11 11 11 10 10 10
 
0 0 0 0 0 560 2199 -999 -595 0 0 0 -1470 3148 14770 496 11 11 11 10 10 10
 
0 0 0 0 0 553 2200 -998 -596 0 0 -1 -1460 3148 14770 496 11 11 11 10 10 10
 
0 0 0 0 0 546 2200 -998 -596 0 0 -1 -1464 3138 14730 496 11 11 11 10 10 10
 
0 0 0 0 0 546 2200 -998 -596 0 0 0 -1468 3142 14738 496 11 11 11 10 10 10
 
0 0 0 0 0 546 2200 -1000 -596 0 0 0 -1440 3164 14750 496 11 11 11 10 10 10
 
0 0 0 0 0 546 2199 -999 -595 -1 -1 -1 -1426 3164 14770 496 11 11 11 10 10 10
 
0 0 0 0 0 546 2200 -998 -595 0 0 0 -1454 3160 14768 496 11 11 11 10 10 10
 
0 0 0 0 0 546 2200 -999 -594 0 0 0 -1440 3154 14772 496 11 11 11 10 10 10
 
0 0 0 0 0 546 2201 -999 -594 0 1 -1 -1436 3174 14812 496 11 11 11 10 10 10
 
0 0 0 0 0 546 2199 -999 -595 0 0 0 -1442 3176 14752 496 11 11 11 10 10 10
 
0 0 0 0 0 546 2199 -999 -595 -1 -1 0 -1464 3166 14764 496 11 11 11 10 10 10
 
0 0 0 0 0 546 2198 -999 -594 0 0 0 -1462 3168 14738 496 11 11 11 10 10 10
 
0 0 0 0 0 546 2198 -999 -594 -1 -1 -1 -1458 3166 14752 496 11 11 11 10 10 10
 
0 0 0 0 0 616 2198 -999 -594 -1 -1 0 -1464 3154 14792 496 11 11 11 10 10 10
 
0 0 0 0 0 588 2199 -999 -594 -1 -1 0 -1454 3174 14756 496 11 11 11 10 10 10
 
0 0 0 0 0 588 2198 -999 -593 -1 -2 0 -1460 3152 14764 496 11 11 11 10 10 10
 
0 0 0 0 0 588 2197 -999 -593 -1 -1 0 -1484 3148 14764 496 11 11 11 10 10 10
 
0 0 0 0 0 588 2199 -998 -591 -1 -2 0 -1456 3150 14760 496 11 11 11 10 10 10
 
0 0 0 0 0 588 2199 -998 -590 -1 -1 0 -1456 3168 14770 496 11 11 11 10 10 10
 
0 0 0 0 0 588 2197 -998 -589 -1 -1 0 -1436 3140 14728 496 11 11 11 10 10 10
 
0 0 0 0 0 581 2198 -998 -589 -1 -1 0 -1464 3158 14780 496 11 11 11 10 10 10
 
0 0 0 0 0 581 2198 -999 -590 -1 -1 0 -1424 3166 14752 496 11 11 11 10 10 10
 
0 0 0 0 0 581 2198 -997 -590 -1 -1 -1 -1418 3170 14754 496 11 11 11 10 10 10
 
0 0 0 0 0 581 2199 -996 -590 -1 -1 0 -1400 3178 14802 496 11 11 11 10 10 10
 
0 0 0 0 0 595 2199 -997 -589 -1 -1 0 -1422 3184 14782 496 11 11 11 10 10 10
 
0 0 0 0 0 588 2198 -998 -588 -1 -2 0 -1442 3160 14798 496 11 11 11 10 10 10
 
0 0 0 0 0 588 2198 -998 -587 -1 -1 -1 -1444 3180 14772 496 11 11 11 10 10 10
 
0 0 0 0 0 588 2199 -998 -585 -1 -1 0 -1466 3164 14768 496 11 11 11 10 10 10
 
0 0 0 0 0 581 2198 -998 -586 -1 -1 1 -1442 3168 14784 496 11 11 11 10 10 10
 
0 0 0 0 0 588 2197 -998 -585 -1 -2 0 -1434 3162 14780 496 11 11 11 10 10 10
 
0 0 0 0 0 581 2196 -998 -584 -1 -1 0 -1436 3192 14762 496 11 11 11 10 10 10
 
0 0 0 0 0 581 2196 -998 -585 -1 -1 -1 -1434 3162 14774 496 11 11 11 10 10 10
 
0 0 0 0 0 574 2197 -997 -585 -1 -1 -1 -1416 3164 14770 496 11 11 11 10 10 10
 
0 0 0 0 0 574 2198 -997 -585 -1 -1 0 -1420 3166 14772 496 11 11 11 10 10 10
 
0 0 0 0 0 574 2197 -997 -585 -1 -1 0 -1436 3184 14794 496 11 11 11 10 10 10
 
0 0 0 0 0 574 2199 -998 -583 -1 -1 0 -1442 3172 14766 496 11 11 11 10 10 10
 
0 0 0 0 0 595 2199 -998 -583 -1 -1 0 -1410 3164 14752 496 11 11 11 10 10 10
 
0 0 0 0 0 574 2197 -998 -583 -1 -1 0 -1446 3172 14796 496 11 11 11 10 10 10
 
0 0 0 0 0 574 2197 -998 -583 -1 -1 0 -1440 3152 14802 496 11 11 11 10 10 10
 
0 0 0 0 0 595 2197 -997 -582 -1 -1 0 -1438 3162 14766 496 11 11 11 10 10 10
 
0 0 0 0 0 574 2197 -998 -581 -1 -1 0 -1442 3188 14764 496 11 11 11 10 10 10
 
0 0 0 0 0 567 2198 -998 -581 -1 -1 0 -1464 3146 14742 496 11 11 11 10 10 10
 
0 0 0 0 0 567 2198 -998 -581 -1 -1 -1 -1432 3156 14778 496 11 11 11 10 10 10
 
0 0 0 0 0 567 2198 -997 -580 -1 -1 0 -1454 3150 14752 496 11 11 11 10 10 10
 
0 0 0 0 0 567 2197 -998 -579 -1 -1 0 -1432 3152 14762 496 11 11 11 10 10 10
 
0 0 0 0 0 567 2196 -999 -579 -1 -1 0 -1468 3154 14758 496 11 11 11 10 10 10
 
0 0 0 0 0 567 2196 -999 -578 -1 -1 -1 -1456 3162 14790 496 11 11 11 10 10 10
 
0 0 0 0 0 567 2196 -999 -578 -1 -1 -1 -1448 3170 14754 496 11 11 11 10 10 10
 
0 0 0 0 0 567 2198 -999 -577 -1 -1 -1 -1464 3176 14762 496 11 11 11 10 10 10
 
0 0 0 0 0 567 2197 -1000 -577 0 0 -1 -1470 3160 14766 496 11 11 11 10 10 10
 
0 0 0 0 0 588 2198 -999 -577 0 0 0 -1464 3162 14770 496 11 11 11 10 10 10
 
0 0 0 0 0 574 2200 -1000 -576 0 0 0 -1472 3164 14730 496 11 11 11 10 10 10
 
0 0 0 0 0 574 2198 -1000 -576 -1 -1 0 -1456 3180 14768 496 11 11 11 10 10 10
 
0 0 0 0 0 574 2199 -1000 -577 0 0 -1 -1474 3170 14768 496 11 11 11 10 10 10
 
0 0 0 0 0 574 2200 -1001 -576 -1 -1 0 -1464 3168 14758 496 11 11 11 10 10 10
 
0 0 0 0 0 567 2200 -1001 -576 -1 -1 -1 -1442 3156 14756 496 11 11 11 10 10 10
 
0 0 0 0 0 567 2200 -1001 -576 -1 -1 0 -1462 3142 14778 496 11 11 11 10 10 10
 
0 0 0 0 0 567 2200 -1001 -576 -1 -1 0 -1454 3168 14782 496 11 11 11 10 10 10
 
0 0 0 0 0 567 2200 -1000 -575 0 0 0 -1424 3158 14780 496 11 11 11 10 10 10
 
0 0 0 0 0 560 2201 -1000 -575 0 0 -1 -1474 3182 14762 496 11 11 11 10 10 10
 
0 0 0 0 0 560 2200 -999 -575 -1 -1 0 -1442 3192 14770 496 11 11 11 10 10 10
 
0 0 0 0 0 560 2200 -997 -575 0 0 0 -1468 3154 14744 496 11 11 11 10 10 10
 
0 0 0 0 0 560 2201 -998 -576 -1 -1 0 -1452 3164 14736 496 11 11 11 10 10 10
 
0 0 0 0 0 560 2202 -999 -575 -1 -1 1 -1458 3158 14760 496 11 11 11 10 10 10
 
0 0 0 0 0 560 2199 -999 -575 -1 -1 -1 -1454 3160 14762 496 11 11 11 10 10 10
 
0 0 0 0 0 560 2199 -998 -574 -1 -1 0 -1464 3140 14752 496 11 11 11 10 10 10
 
0 0 0 0 0 560 2199 -999 -574 -1 -1 0 -1464 3150 14760 496 11 11 11 10 10 10
 
0 0 0 0 0 560 2199 -999 -574 -1 -1 0 -1464 3158 14760 496 11 11 11 10 10 10
 
0 0 0 0 0 560 2199 -997 -573 0 0 0 -1462 3166 14724 496 11 11 11 10 10 10
 
0 0 0 0 0 560 2199 -998 -573 0 0 -1 -1472 3144 14730 496 11 11 11 10 10 10
 
0 0 0 0 0 560 2200 -997 -572 0 0 0 -1466 3154 14756 496 11 11 11 10 10 10
 
0 0 0 0 0 560 2199 -997 -572 0 0 0 -1452 3146 14726 496 11 11 11 10 10 10
 
0 0 0 0 0 560 2200 -999 -570 0 0 0 -1460 3166 14752 496 11 11 11 10 10 10
 
0 0 0 0 0 560 2202 -999 -570 0 0 0 -1472 3170 14740 496 11 11 11 10 10 10
 
0 0 0 0 0 560 2201 -999 -569 0 0 -1 -1486 3152 14742 496 11 11 11 10 10 10
 
0 0 0 0 0 560 2200 -999 -569 0 0 0 -1462 3154 14746 496 11 11 11 10 10 10
 
0 0 0 0 0 560 2200 -998 -569 0 1 0 -1460 3144 14698 496 11 11 11 10 10 10
 
0 0 0 0 0 560 2200 -998 -568 0 0 0 -1458 3146 14716 496 11 11 11 10 10 10
 
0 0 0 0 0 588 2199 -998 -566 0 0 -1 -1472 3142 14752 496 11 11 11 10 10 10
 
0 0 0 0 0 560 2199 -998 -566 -1 -1 -1 -1468 3166 14742 496 11 11 11 10 10 10
 
0 0 0 0 0 560 2199 -998 -567 0 0 0 -1468 3146 14750 496 11 11 11 10 10 10
 
0 0 0 0 0 560 2199 -998 -565 0 0 0 -1472 3168 14748 496 11 11 11 10 10 10
 
0 0 0 0 0 560 2199 -998 -565 0 0 0 -1476 3154 14776 496 11 11 11 10 10 10
 
0 0 0 0 0 567 2199 -998 -565 0 0 -1 -1450 3146 14768 496 11 11 11 10 10 10
 
0 0 0 0 0 567 2199 -997 -564 -1 -1 0 -1462 3146 14752 496 11 11 11 10 10 10
 
0 0 0 0 0 567 2199 -997 -564 0 0 -1 -1480 3172 14744 496 11 11 11 10 10 10
 
0 0 0 0 0 567 2199 -997 -564 0 0 -1 -1476 3158 14740 496 11 11 11 10 10 10
 
0 0 0 0 0 574 2200 -997 -562 0 1 0 -1454 3162 14722 496 11 11 11 10 10 10
 
0 0 0 0 0 574 2200 -997 -562 -1 -1 0 -1472 3140 14748 496 11 11 11 10 10 10
 
0 0 0 0 0 574 2199 -997 -561 0 0 0 -1442 3162 14724 496 11 11 11 10 10 10
 
0 0 0 0 0 574 2198 -997 -561 0 0 0 -1452 3162 14766 496 11 11 11 10 10 10
 
0 0 0 0 0 574 2198 -998 -561 0 0 -1 -1454 3174 14736 496 11 11 11 10 10 10
 
0 0 0 0 0 581 2199 -996 -561 0 0 0 -1468 3154 14742 496 11 11 11 10 10 10
 
0 0 0 0 0 581 2199 -996 -560 0 0 0 -1470 3132 14732 496 11 11 11 10 10 10
 
0 0 0 0 0 581 2199 -997 -560 -1 -1 0 -1448 3152 14750 496 11 11 11 10 10 10
 
0 0 0 0 0 581 2199 -998 -558 0 0 0 -1448 3156 14768 496 11 11 11 10 10 10
 
0 0 0 0 0 581 2199 -998 -557 0 0 0 -1484 3138 14742 496 11 11 11 10 10 10
 
0 0 0 0 0 581 2199 -998 -557 0 0 0 -1460 3148 14720 496 11 11 11 10 10 10
 
0 0 0 0 0 609 2198 -998 -557 0 1 -1 -1444 3172 14712 496 11 11 11 10 10 10
 
0 0 0 0 0 588 2199 -998 -556 0 0 0 -1458 3160 14760 496 11 11 11 10 10 10
 
0 0 0 0 0 581 2199 -997 -556 0 0 -1 -1436 3158 14728 496 11 11 11 10 10 10
 
0 0 0 0 0 588 2199 -998 -555 0 0 0 -1446 3162 14752 496 11 11 11 10 10 10
 
0 0 0 0 0 602 2200 -997 -552 -1 -1 0 -1468 3168 14758 496 11 11 11 10 10 10
 
0 0 0 0 0 602 2198 -997 -552 0 0 0 -1448 3154 14750 496 11 11 11 10 10 10
 
0 0 0 0 0 581 2199 -998 -552 -1 -1 -1 -1452 3138 14754 496 11 11 11 10 10 10
 
0 0 0 0 0 581 2198 -998 -552 -1 -1 0 -1446 3158 14752 496 11 11 11 10 10 10
 
0 0 0 0 0 588 2198 -998 -551 -1 -1 -1 -1458 3142 14746 496 11 11 11 10 10 10
 
0 0 0 0 0 588 2197 -999 -551 -1 -1 -1 -1468 3134 14744 496 11 11 11 10 10 10
 
0 0 0 0 0 588 2199 -999 -550 -1 -1 0 -1436 3142 14744 496 11 11 11 10 10 10
 
0 0 0 0 0 588 2199 -998 -550 -1 -1 0 -1440 3140 14780 496 11 11 11 10 10 10
 
0 0 0 0 0 595 2199 -998 -549 -1 -1 -1 -1464 3154 14762 496 11 11 11 10 10 10
 
0 0 0 0 0 595 2199 -998 -549 -1 -1 0 -1432 3132 14732 496 11 11 11 10 10 10
 
0 0 0 0 0 595 2198 -998 -549 -1 -2 -1 -1436 3126 14752 496 11 11 11 10 10 10
 
0 0 0 0 0 595 2199 -998 -549 -1 -1 -1 -1452 3160 14772 496 11 11 11 10 10 10
 
0 0 0 0 0 595 2199 -998 -549 -1 -1 0 -1472 3140 14780 496 11 11 11 10 10 10
 
0 0 0 0 0 595 2198 -998 -548 -1 -2 -1 -1450 3158 14792 496 11 11 11 10 10 10
 
0 0 0 0 0 595 2197 -998 -548 -1 -1 0 -1476 3158 14736 496 11 11 11 10 10 10
 
0 0 0 0 0 595 2196 -999 -549 -1 -1 0 -1446 3156 14740 496 11 11 11 10 10 10
 
0 0 0 0 0 595 2196 -1000 -548 -1 -2 0 -1452 3148 14782 496 11 11 11 10 10 10
 
0 0 0 0 0 595 2198 -999 -546 -1 -1 -1 -1450 3130 14750 496 11 11 11 10 10 10
 
0 0 0 0 0 595 2198 -999 -547 -1 -1 -1 -1474 3154 14756 496 11 11 11 10 10 10
 
0 0 0 0 0 595 2198 -999 -547 0 0 0 -1446 3138 14754 496 11 11 11 10 10 10
 
0 0 0 0 0 616 2200 -1000 -545 0 0 0 -1450 3156 14750 496 11 11 11 10 10 10
 
0 0 0 0 0 595 2199 -999 -545 0 0 0 -1444 3154 14726 496 11 11 11 10 10 10
 
0 0 0 0 0 595 2199 -999 -545 0 0 0 -1410 3134 14786 496 11 11 11 10 10 10
 
0 0 0 0 0 588 2200 -999 -544 0 0 -1 -1434 3138 14778 496 11 11 11 10 10 10
 
0 0 0 0 0 588 2200 -998 -544 0 0 -1 -1454 3152 14762 496 11 11 11 10 10 10
 
0 0 0 0 0 595 2201 -1000 -544 0 0 -1 -1432 3158 14780 496 11 11 11 10 10 10
 
0 0 0 0 0 595 2200 -999 -544 0 1 -1 -1430 3164 14756 496 11 11 11 10 10 10
 
0 0 0 0 0 595 2199 -1000 -544 0 0 0 -1450 3154 14788 496 11 11 11 10 10 10
 
0 0 0 0 0 595 2199 -1000 -544 0 0 -1 -1446 3158 14738 496 11 11 11 10 10 10
 
0 0 0 0 0 595 2198 -999 -544 0 0 -1 -1432 3168 14774 496 11 11 11 10 10 10
 
0 0 0 0 0 588 2198 -984 -435 7 -3 -94 -1408 2906 14798 496 11 11 11 10 10 10
 
0 0 0 0 0 588 2196 -990 -458 0 0 -1 -1470 3168 14774 496 11 11 11 10 10 10
 
0 0 0 0 0 581 2196 -991 -458 0 0 0 -1420 3156 14770 496 11 11 11 10 10 10
 
0 0 0 0 0 588 2196 -993 -458 0 0 -1 -1444 3158 14750 496 11 11 11 10 10 10
 
0 0 0 0 0 588 2195 -996 -457 0 0 -1 -1434 3148 14744 496 11 11 11 10 10 10
 
0 0 0 0 0 609 2194 -995 -457 -1 -1 -1 -1444 3152 14780 496 11 11 11 10 10 10
 
0 0 0 0 0 588 2194 -996 -457 0 1 0 -1448 3160 14760 496 11 11 11 10 10 10
 
0 0 0 0 0 581 2194 -997 -458 0 0 0 -1444 3156 14734 496 11 11 11 10 10 10
 
0 0 0 0 0 581 2194 -998 -459 0 0 0 -1428 3154 14732 496 11 11 11 10 10 10
 
0 0 0 0 0 581 2192 -998 -458 -1 -1 -1 -1400 3144 14736 496 11 11 11 10 10 10
 
0 0 0 0 0 581 2193 -998 -458 0 0 0 -1438 3148 14758 496 11 11 11 10 10 10
 
0 0 0 0 0 581 2193 -998 -458 -1 -1 0 -1444 3152 14798 496 11 11 11 10 10 10
 
0 0 0 0 0 567 2194 -998 -456 0 0 0 -1438 3170 14786 496 11 11 11 10 10 10
 
0 0 0 0 0 567 2194 -999 -456 -1 -1 -1 -1428 3158 14750 496 11 11 11 10 10 10
 
0 0 0 0 0 567 2193 -1000 -456 0 0 0 -1432 3148 14766 496 11 11 11 10 10 10
 
0 0 0 0 0 567 2194 -1000 -454 0 0 0 -1422 3154 14762 496 11 11 11 10 10 10
 
0 0 0 0 0 567 2195 -1001 -455 0 0 0 -1440 3154 14758 496 11 11 11 10 10 10
 
0 0 0 0 0 574 2194 -1000 -455 0 0 0 -1432 3164 14740 496 11 11 11 10 10 10
 
0 0 0 0 0 574 2194 -1000 -455 0 0 0 -1430 3160 14782 496 11 11 11 10 10 10
 
0 0 0 0 0 574 2194 -1000 -455 0 0 0 -1418 3164 14772 496 11 11 11 10 10 10
 
0 0 0 0 0 574 2195 -1000 -454 0 0 0 -1436 3146 14772 496 11 11 11 10 10 10
 
0 0 0 0 0 560 2195 -1000 -453 -1 -1 0 -1440 3168 14768 496 11 11 11 10 10 10
 
0 0 0 0 0 560 2195 -1001 -454 0 0 -1 -1418 3158 14758 496 11 11 11 10 10 10
 
0 0 0 0 0 567 2195 -1001 -455 0 0 -1 -1446 3164 14750 496 11 11 11 10 10 10
 
0 0 0 0 0 567 2195 -1002 -455 0 0 0 -1436 3142 14768 496 11 11 11 10 10 10
 
0 0 0 0 0 567 2195 -1002 -455 0 0 0 -1418 3144 14790 496 11 11 11 10 10 10
 
0 0 0 0 0 567 2195 -1001 -454 0 0 0 -1430 3172 14766 496 11 11 11 10 10 10
 
0 0 0 0 0 567 2195 -1000 -454 0 0 0 -1424 3166 14774 496 11 11 11 10 10 10
 
0 0 0 0 0 574 2196 -999 -454 0 0 0 -1432 3134 14774 496 11 11 11 10 10 10
 
0 0 0 0 0 574 2195 -998 -454 0 0 0 -1420 3162 14788 496 11 11 11 10 10 10
 
0 0 0 0 0 581 2195 -997 -454 0 0 0 -1438 3148 14780 496 11 11 11 10 10 10
 
0 0 0 0 0 581 2195 -998 -454 0 0 0 -1426 3170 14774 496 11 11 11 10 10 10
 
0 0 0 0 0 581 2195 -998 -455 0 1 -1 -1442 3166 14812 496 11 11 11 10 10 10
 
0 0 0 0 0 581 2194 -997 -455 0 0 -1 -1430 3156 14774 496 11 11 11 10 10 10
 
0 0 0 0 0 581 2195 -999 -455 0 0 -1 -1430 3150 14812 496 11 11 11 10 10 10
 
0 0 0 0 0 581 2194 -998 -456 -1 -1 -1 -1420 3170 14790 496 11 11 11 10 10 10
 
0 0 0 0 0 581 2194 -999 -455 0 0 0 -1438 3164 14780 496 11 11 11 10 10 10
 
0 0 0 0 0 616 2194 -998 -455 0 0 0 -1466 3154 14772 496 11 11 11 10 10 10
 
0 0 0 0 0 588 2194 -998 -454 0 1 0 -1458 3146 14784 496 11 11 11 10 10 10
 
0 0 0 0 0 588 2194 -1000 -454 0 0 0 -1458 3140 14726 496 11 11 11 10 10 10
 
0 0 0 0 0 588 2194 -999 -454 0 0 -1 -1448 3156 14748 496 11 11 11 10 10 10
 
0 0 0 0 0 616 2195 -1000 -454 0 0 0 -1446 3138 14760 496 11 11 11 10 10 10
 
0 0 0 0 0 588 2195 -1000 -454 -1 -1 -1 -1440 3138 14708 496 11 11 11 10 10 10
 
0 0 0 0 0 588 2194 -998 -453 -1 -1 0 -1442 3132 14758 496 11 11 11 10 10 10
 
0 0 0 0 0 588 2194 -997 -453 -1 -2 0 -1452 3148 14758 496 11 11 11 10 10 10
 
0 0 0 0 0 588 2194 -998 -453 -1 -2 -1 -1452 3162 14748 496 11 11 11 10 10 10
 
0 0 0 0 0 588 2196 -998 -452 -1 -1 -1 -1438 3132 14776 496 11 11 11 10 10 10
 
0 0 0 0 0 588 2196 -999 -452 -1 -1 0 -1430 3146 14756 496 11 11 11 10 10 10
 
0 0 0 0 0 616 2196 -999 -451 -1 -1 -1 -1410 3160 14762 496 11 11 11 10 10 10
 
0 0 0 0 0 574 2196 -999 -451 -1 -1 0 -1448 3168 14824 496 11 11 11 10 10 10
 
0 0 0 0 0 574 2196 -998 -450 -1 -1 -1 -1422 3166 14786 496 11 11 11 10 10 10
 
0 0 0 0 0 581 2195 -998 -450 -1 -1 0 -1450 3150 14782 496 11 11 11 10 10 10
 
0 0 0 0 0 581 2195 -998 -449 -1 -1 0 -1432 3146 14780 496 11 11 11 10 10 10
 
0 0 0 0 0 581 2194 -998 -448 -1 -1 0 -1416 3158 14796 496 11 11 11 10 10 10
 
0 0 0 0 0 588 2194 -997 -448 -1 -1 0 -1418 3164 14768 496 11 11 11 10 10 10
 
0 0 0 0 0 616 2194 -997 -449 -1 -1 -1 -1440 3154 14778 496 11 11 11 10 10 10
 
0 0 0 0 0 588 2193 -996 -448 -1 -1 0 -1434 3184 14748 496 11 11 11 10 10 10
 
0 0 0 0 0 595 2194 -996 -448 -1 -2 0 -1426 3154 14754 496 11 11 11 10 10 10
 
0 0 0 0 0 595 2194 -997 -447 -1 -1 0 -1444 3158 14798 496 11 11 11 10 10 10
 
0 0 0 0 0 595 2194 -998 -447 0 0 0 -1436 3158 14778 496 11 11 11 10 10 10
 
0 0 0 0 0 595 2195 -998 -447 -1 -1 0 -1440 3150 14794 496 11 11 11 10 10 10
 
0 0 0 0 0 595 2195 -999 -448 0 0 0 -1492 3158 14750 496 11 11 11 10 10 10
 
0 0 0 0 0 595 2195 -999 -448 -1 -1 -1 -1434 3158 14790 496 11 11 11 10 10 10
 
0 0 0 0 0 588 2195 -998 -447 -1 -1 0 -1432 3166 14776 496 11 11 11 10 10 10
 
0 0 0 0 0 595 2195 -998 -446 -1 -1 0 -1454 3164 14760 496 11 11 11 10 10 10
 
0 0 0 0 0 595 2195 -999 -446 0 0 -1 -1442 3152 14788 496 11 11 11 10 10 10
 
0 0 0 0 0 595 2195 -999 -445 -1 -1 0 -1456 3150 14764 496 11 11 11 10 10 10
 
0 0 0 0 0 595 2195 -999 -445 1 0 -1 -1426 3160 14776 496 11 11 11 10 10 10
 
0 0 0 0 0 595 2195 -998 -444 -1 -1 0 -1454 3176 14748 496 11 11 11 10 10 10
 
0 0 0 0 0 595 2195 -998 -443 0 0 -1 -1446 3174 14778 496 11 11 11 10 10 10
 
0 0 0 0 0 595 2196 -998 -442 -1 -1 0 -1480 3180 14754 496 11 11 11 10 10 10
 
0 0 0 0 0 595 2196 -998 -441 -1 -1 0 -1454 3148 14754 496 11 11 11 10 10 10
 
0 0 0 0 0 616 2196 -998 -440 -1 -1 0 -1444 3162 14768 496 11 11 11 10 10 10
 
0 0 0 0 0 595 2196 -998 -439 -1 -1 -1 -1462 3160 14802 496 11 11 11 10 10 10
 
0 0 0 0 0 588 2195 -997 -438 -1 -1 0 -1438 3148 14762 496 11 11 11 10 10 10
 
0 0 0 0 0 588 2195 -997 -438 -1 -1 0 -1448 3170 14772 496 11 11 11 10 10 10
 
0 0 0 0 0 588 2195 -996 -436 -1 -1 0 -1442 3154 14772 496 11 11 11 10 10 10
 
0 0 0 0 0 588 2195 -997 -436 -1 -1 -1 -1472 3158 14788 496 11 11 11 10 10 10
 
0 0 0 0 0 588 2195 -997 -435 -1 -1 0 -1452 3158 14758 496 11 11 11 10 10 10
 
0 0 0 0 0 588 2195 -997 -435 -1 -2 0 -1464 3168 14792 496 11 11 11 10 10 10
 
0 0 0 0 0 588 2195 -997 -434 -1 -1 0 -1466 3164 14768 496 11 11 11 10 10 10
 
0 0 0 0 0 588 2195 -996 -434 -1 -1 -1 -1462 3148 14770 496 11 11 11 10 10 10
 
0 0 0 0 0 588 2195 -997 -434 -1 -1 0 -1454 3130 14738 496 11 11 11 10 10 10
 
0 0 0 0 0 588 2194 -996 -433 -1 -1 0 -1450 3142 14784 496 11 11 11 10 10 10
 
0 0 0 0 0 588 2194 -996 -433 -1 -1 0 -1458 3136 14766 496 11 11 11 10 10 10
 
0 0 0 0 0 588 2193 -996 -431 0 0 -1 -1462 3178 14750 496 11 11 11 10 10 10
 
0 0 0 0 0 588 2192 -997 -431 -1 -1 -1 -1452 3132 14738 496 11 11 11 10 10 10
 
0 0 0 0 0 595 2193 -997 -431 -1 -1 -1 -1458 3142 14758 496 11 11 11 10 10 10
 
0 0 0 0 0 588 2194 -998 -430 -1 -1 0 -1466 3148 14766 496 11 11 11 10 10 10
 
0 0 0 0 0 588 2195 -997 -430 -1 -1 -1 -1444 3154 14744 496 11 11 11 10 10 10
 
0 0 0 0 0 588 2196 -997 -430 -1 -1 0 -1462 3168 14780 496 11 11 11 10 10 10
 
0 0 0 0 0 588 2196 -998 -431 0 0 0 -1444 3140 14760 496 11 11 11 10 10 10
 
0 0 0 0 0 588 2196 -997 -430 -1 -1 0 -1452 3166 14756 496 11 11 11 10 10 10
 
0 0 0 0 0 588 2196 -997 -429 -1 -1 0 -1464 3136 14762 496 11 11 11 10 10 10
 
0 0 0 0 0 588 2196 -998 -429 0 0 0 -1454 3142 14770 496 11 11 11 10 10 10
 
0 0 0 0 0 588 2198 -997 -428 -1 -1 0 -1450 3146 14770 496 11 11 11 10 10 10
 
0 0 0 0 0 588 2197 -998 -428 -1 -1 0 -1464 3132 14744 496 11 11 11 10 10 10
 
0 0 0 0 0 588 2196 -998 -427 -1 -1 0 -1430 3126 14752 496 11 11 11 10 10 10
 
0 0 0 0 0 588 2196 -998 -426 -1 -2 0 -1456 3138 14742 496 11 11 11 10 10 10
 
0 0 0 0 0 588 2197 -997 -425 -1 -1 0 -1460 3156 14764 496 11 11 11 10 10 10
 
0 0 0 0 0 588 2197 -997 -424 -1 -2 -1 -1458 3152 14752 496 11 11 11 10 10 10
 
0 0 0 0 0 588 2196 -998 -425 0 0 0 -1454 3134 14770 496 11 11 11 10 10 10
 
0 0 0 0 0 588 2196 -998 -425 -1 -1 -1 -1456 3132 14718 496 11 11 11 10 10 10
 
0 0 0 0 0 588 2195 -998 -424 -1 -1 0 -1454 3136 14738 496 11 11 11 10 10 10
 
0 0 0 0 0 588 2195 -998 -424 -1 -1 0 -1444 3146 14740 496 11 11 11 10 10 10
 
0 0 0 0 0 588 2195 -997 -423 -1 -1 0 -1458 3146 14740 496 11 11 11 10 10 10
 
0 0 0 0 0 588 2194 -998 -423 -1 -1 0 -1464 3152 14714 496 11 11 11 10 10 10
 
0 0 0 0 0 595 2196 -999 -421 -1 -2 0 -1478 3142 14698 496 11 11 11 10 10 10
 
0 0 0 0 0 595 2196 -999 -421 -1 -1 -1 -1470 3148 14716 496 11 11 11 10 10 10
 
0 0 0 0 0 595 2196 -1000 -421 -1 -1 0 -1484 3140 14728 496 11 11 11 10 10 10
 
0 0 0 0 0 595 2195 -999 -420 -1 -2 -1 -1464 3136 14744 496 11 11 11 10 10 10
 
0 0 0 0 0 595 2194 -999 -420 0 0 -1 -1472 3144 14764 496 11 11 11 10 10 10
 
0 0 0 0 0 588 2196 -998 -419 -1 -1 0 -1470 3128 14744 496 11 11 11 10 10 10
 
0 0 0 0 0 588 2196 -998 -419 -1 -2 0 -1476 3128 14752 496 11 11 11 10 10 10
 
0 0 0 0 0 588 2196 -998 -419 -1 -1 0 -1446 3128 14716 496 11 11 11 10 10 10
 
0 0 0 0 0 588 2195 -997 -419 -1 -2 -1 -1474 3138 14752 496 11 11 11 10 10 10
 
0 0 0 0 0 588 2195 -998 -418 -1 -1 0 -1454 3122 14736 496 11 11 11 10 10 10
 
0 0 0 0 0 616 2195 -998 -417 -1 -1 0 -1460 3144 14730 496 11 11 11 10 10 10
 
0 0 0 0 0 588 2194 -998 -417 -1 -2 -1 -1452 3140 14728 496 11 11 11 10 10 10
 
0 0 0 0 0 588 2194 -998 -417 -1 -1 0 -1466 3150 14758 496 11 11 11 10 10 10
 
0 0 0 0 0 588 2194 -998 -416 -1 -1 0 -1482 3154 14734 496 11 11 11 10 10 10
 
0 0 0 0 0 588 2194 -998 -416 -1 -1 0 -1462 3126 14716 496 11 11 11 10 10 10
 
0 0 0 0 0 588 2195 -999 -415 -1 -2 0 -1470 3154 14738 496 11 11 11 10 10 10
 
0 0 0 0 0 588 2195 -998 -414 -1 -1 0 -1472 3158 14738 496 11 11 11 10 10 10
 
0 0 0 0 0 588 2195 -999 -413 -1 -2 0 -1462 3162 14740 496 11 11 11 10 10 10
 
0 0 0 0 0 588 2194 -998 -413 -1 -1 0 -1428 3158 14724 496 11 11 11 10 10 10
 
0 0 0 0 0 588 2194 -998 -413 0 0 -1 -1448 3138 14746 496 11 11 11 10 10 10
 
0 0 0 0 0 588 2194 -999 -413 -1 -2 0 -1460 3136 14758 496 11 11 11 10 10 10
 
0 0 0 0 0 588 2195 -999 -412 -1 -1 -1 -1458 3116 14772 496 11 11 11 10 10 10
 
0 0 0 0 0 588 2195 -998 -411 -1 -1 0 -1458 3148 14726 496 11 11 11 10 10 10
 
0 0 0 0 0 588 2196 -997 -412 -1 -1 0 -1434 3136 14752 496 11 11 11 10 10 10
 
0 0 0 0 0 588 2196 -999 -412 -1 -2 0 -1454 3146 14712 496 11 11 11 10 10 10
 
0 0 0 0 0 588 2196 -998 -412 -1 -2 -1 -1446 3122 14740 496 11 11 11 10 10 10
 
0 0 0 0 0 588 2195 -998 -412 -1 -2 0 -1464 3130 14766 496 11 11 11 10 10 10
 
0 0 0 0 0 588 2196 -997 -412 -1 -2 0 -1468 3148 14760 496 11 11 11 10 10 10
 
0 0 0 0 0 588 2195 -997 -412 -1 -2 0 -1444 3132 14760 496 11 11 11 10 10 10
 
0 0 0 0 0 581 2194 -997 -412 -1 -1 -1 -1462 3142 14742 496 11 11 11 10 10 10
 
0 0 0 0 0 588 2193 -998 -411 -1 -1 -1 -1464 3136 14726 496 11 11 11 10 10 10
 
0 0 0 0 0 588 2195 -997 -412 -1 -1 0 -1446 3152 14748 496 11 11 11 10 10 10
 
0 0 0 0 0 588 2195 -997 -411 0 0 0 -1450 3150 14732 496 11 11 11 10 10 10
 
0 0 0 0 0 588 2196 -998 -410 0 1 0 -1444 3154 14718 496 11 11 11 10 10 10
 
0 0 0 0 0 588 2196 -998 -408 -1 -1 0 -1456 3142 14732 496 11 11 11 10 10 10
 
0 0 0 0 0 588 2195 -998 -408 0 0 0 -1434 3126 14768 496 11 11 11 10 10 10
 
0 0 0 0 0 588 2195 -997 -408 -1 -1 -1 -1460 3158 14740 496 11 11 11 10 10 10
 
0 0 0 0 0 588 2194 -997 -407 -1 -1 0 -1446 3128 14754 496 11 11 11 10 10 10
 
0 0 0 0 0 588 2195 -996 -406 0 0 0 -1450 3146 14702 496 11 11 11 10 10 10
 
0 0 0 0 0 588 2195 -997 -405 0 1 0 -1458 3134 14752 496 11 11 11 10 10 10
 
0 0 0 0 0 588 2194 -997 -404 0 0 -1 -1458 3140 14748 496 11 11 11 10 10 10
 
0 0 0 0 0 588 2194 -997 -404 0 0 -1 -1464 3156 14742 496 11 11 11 10 10 10
 
0 0 0 0 0 588 2194 -997 -404 -1 -1 0 -1446 3152 14716 496 11 11 11 10 10 10
 
0 0 0 0 0 588 2194 -997 -402 -1 -1 0 -1434 3144 14758 496 11 11 11 10 10 10
 
0 0 0 0 0 588 2195 -997 -401 0 0 0 -1442 3144 14742 496 11 11 11 10 10 10
 
0 0 0 0 0 588 2194 -997 -400 0 0 0 -1444 3130 14770 496 11 11 11 10 10 10
 
0 0 0 0 0 588 2196 -996 -399 -1 -1 0 -1436 3146 14752 496 11 11 11 10 10 10
 
0 0 0 0 0 588 2195 -997 -399 0 0 -1 -1448 3140 14792 496 11 11 11 10 10 10
 
0 0 0 0 0 616 2193 -995 -398 0 0 -1 -1450 3134 14740 496 11 11 11 10 10 10
 
0 0 0 0 0 588 2193 -995 -398 -1 -1 -1 -1442 3132 14750 496 11 11 11 10 10 10
 
0 0 0 0 0 595 2194 -997 -396 0 0 0 -1430 3148 14754 496 11 11 11 10 10 10
 
0 0 0 0 0 595 2195 -997 -396 -1 -1 -1 -1444 3144 14764 496 11 11 11 10 10 10
 
0 0 0 0 0 595 2194 -997 -395 0 0 0 -1408 3140 14758 496 11 11 11 10 10 10
 
0 0 0 0 0 595 2195 -997 -395 0 1 -1 -1424 3152 14764 496 11 11 11 10 10 10
 
0 0 0 0 0 595 2195 -997 -394 0 0 -1 -1412 3168 14788 496 11 11 11 10 10 10
 
0 0 0 0 0 595 2195 -998 -393 0 0 0 -1424 3154 14772 496 11 11 11 10 10 10
 
0 0 0 0 0 546 2195 -998 -393 -1 -1 0 -1444 3162 14780 496 11 11 11 10 10 10
 
0 0 0 0 0 546 2195 -997 -392 0 0 0 -1440 3166 14788 496 11 11 11 10 10 10
 
0 0 0 0 0 553 2196 -997 -391 0 1 0 -1434 3148 14782 496 11 11 11 10 10 10
 
0 0 0 0 0 546 2196 -998 -390 0 0 0 -1434 3164 14746 496 11 11 11 10 10 10
 
0 0 0 0 0 546 2196 -998 -391 0 0 -1 -1444 3162 14780 496 11 11 11 10 10 10
 
0 0 0 0 0 546 2195 -998 -391 0 0 0 -1440 3162 14772 496 11 11 11 10 10 10
 
0 0 0 0 0 546 2195 -998 -391 0 1 0 -1446 3158 14816 496 11 11 11 10 10 10
 
0 0 0 0 0 546 2196 -999 -391 0 0 0 -1454 3154 14786 496 11 11 11 10 10 10
 
0 0 0 0 0 546 2195 -997 -390 0 0 0 -1450 3166 14796 496 11 11 11 10 10 10
 
0 0 0 0 0 546 2195 -997 -389 0 0 0 -1448 3162 14804 496 11 11 11 10 10 10
 
0 0 0 0 0 546 2195 -996 -389 0 0 -1 -1428 3160 14800 496 11 11 11 10 10 10
 
0 0 0 0 0 546 2196 -996 -388 0 0 0 -1426 3166 14824 496 11 11 11 10 10 10
 
0 0 0 0 0 546 2195 -996 -388 0 0 0 -1446 3158 14756 496 11 11 11 10 10 10
 
0 0 0 0 0 546 2195 -997 -388 -1 -1 0 -1450 3144 14776 496 11 11 11 10 10 10
 
0 0 0 0 0 546 2195 -997 -388 -1 -1 -1 -1448 3160 14780 496 11 11 11 10 10 10
 
0 0 0 0 0 546 2195 -997 -387 -1 -1 0 -1470 3162 14810 496 11 11 11 10 10 10
 
0 0 0 0 0 546 2196 -997 -387 -1 -1 0 -1452 3172 14746 496 11 11 11 10 10 10
 
0 0 0 0 0 546 2196 -996 -386 -1 -1 0 -1448 3160 14754 496 11 11 11 10 10 10
 
0 0 0 0 0 546 2196 -995 -385 0 0 0 -1450 3152 14756 496 11 11 11 10 10 10
 
0 0 0 0 0 546 2195 -996 -385 -1 -1 0 -1466 3144 14778 496 11 11 11 10 10 10
 
0 0 0 0 0 546 2195 -996 -385 -1 -1 0 -1452 3170 14794 496 11 11 11 10 10 10
 
0 0 0 0 0 546 2196 -995 -384 -1 -1 -1 -1438 3176 14762 496 11 11 11 10 10 10
 
0 0 0 0 0 546 2195 -996 -383 -1 -1 0 -1440 3170 14756 496 11 11 11 10 10 10
 
0 0 0 0 0 553 2196 -997 -382 -1 -1 0 -1464 3150 14756 496 11 11 11 10 10 10
 
0 0 0 0 0 546 2196 -997 -382 -1 -1 0 -1444 3154 14776 496 11 11 11 10 10 10
 
0 0 0 0 0 553 2196 -997 -381 0 0 0 -1456 3162 14774 496 11 11 11 10 10 10
 
0 0 0 0 0 553 2195 -998 -380 0 0 0 -1454 3164 14774 496 11 11 11 10 10 10
 
0 0 0 0 0 553 2195 -998 -379 0 0 0 -1464 3144 14774 496 11 11 11 10 10 10
 
0 0 0 0 0 553 2195 -998 -378 -1 -1 0 -1454 3160 14790 496 11 11 11 10 10 10
 
0 0 0 0 0 553 2194 -997 -378 -1 -1 0 -1446 3156 14734 496 11 11 11 10 10 10
 
0 0 0 0 0 553 2195 -997 -378 -1 -1 -1 -1468 3160 14760 496 11 11 11 10 10 10
 
0 0 0 0 0 560 2196 -996 -377 -1 -1 -1 -1462 3156 14758 496 11 11 11 10 10 10
 
0 0 0 0 0 560 2196 -996 -377 -1 -1 0 -1444 3148 14738 496 11 11 11 10 10 10
 
0 0 0 0 0 560 2196 -996 -376 0 0 -1 -1454 3130 14758 496 11 11 11 10 10 10
 
0 0 0 0 0 560 2196 -996 -377 -1 -1 -1 -1460 3172 14776 496 11 11 11 10 10 10
 
0 0 0 0 0 560 2197 -996 -377 -1 -1 0 -1452 3170 14752 496 11 11 11 10 10 10
 
0 0 0 0 0 560 2197 -996 -376 -1 -1 0 -1446 3144 14808 496 11 11 11 10 10 10
 
0 0 0 0 0 560 2197 -996 -375 0 0 0 -1470 3158 14752 496 11 11 11 10 10 10
 
0 0 0 0 0 560 2194 -996 -375 -1 -2 -1 -1430 3138 14748 496 11 11 11 10 10 10
 
0 0 0 0 0 567 2195 -996 -374 0 0 0 -1448 3142 14750 496 11 11 11 10 10 10
 
0 0 0 0 0 560 2195 -997 -374 -1 -1 0 -1448 3148 14782 496 11 11 11 10 10 10
 
0 0 0 0 0 567 2195 -998 -375 -1 -1 0 -1456 3142 14776 496 11 11 11 10 10 10
 
0 0 0 0 0 560 2195 -999 -375 -1 -1 0 -1462 3148 14752 496 11 11 11 10 10 10
 
0 0 0 0 0 546 2196 -999 -375 -1 -1 -1 -1470 3170 14766 496 11 11 11 10 10 10
 
0 0 0 0 0 553 2195 -998 -376 -1 -2 0 -1458 3146 14762 496 11 11 11 10 10 10
 
0 0 0 0 0 553 2196 -998 -376 -1 -1 -1 -1468 3146 14754 496 11 11 11 10 10 10
 
0 0 0 0 0 560 2195 -997 -376 -1 -2 0 -1462 3164 14736 496 11 11 11 10 10 10
 
0 0 0 0 0 560 2195 -996 -375 -1 -2 -1 -1464 3170 14736 496 11 11 11 10 10 10
 
0 0 0 0 0 560 2196 -996 -376 -1 -1 -1 -1466 3146 14756 496 11 11 11 10 10 10
 
0 0 0 0 0 567 2195 -997 -376 0 0 0 -1478 3162 14738 496 11 11 11 10 10 10
 
0 0 0 0 0 567 2195 -998 -376 0 0 -1 -1438 3154 14756 496 11 11 11 10 10 10
 
0 0 0 0 0 567 2196 -999 -375 0 1 0 -1502 3150 14760 496 11 11 11 10 10 10
 
0 0 0 0 0 567 2196 -999 -374 0 0 -1 -1460 3170 14750 496 11 11 11 10 10 10
 
0 0 0 0 0 567 2197 -999 -374 0 1 -1 -1462 3150 14744 496 11 11 11 10 10 10
 
0 0 0 0 0 567 2197 -999 -374 0 1 0 -1454 3140 14754 496 11 11 11 10 10 10
 
0 0 0 0 0 567 2198 -998 -373 0 0 -1 -1452 3148 14720 496 11 11 11 10 10 10
 
0 0 0 0 0 567 2198 -998 -372 0 1 0 -1474 3142 14734 496 11 11 11 10 10 10
 
0 0 0 0 0 567 2196 -999 -373 0 0 0 -1482 3152 14702 496 11 11 11 10 10 10
 
0 0 0 0 0 567 2196 -998 -372 0 0 0 -1464 3140 14754 496 11 11 11 10 10 10
 
0 0 0 0 0 574 2196 -998 -371 0 0 0 -1454 3132 14732 496 11 11 11 10 10 10
 
0 0 0 0 0 567 2197 -999 -371 0 0 0 -1466 3142 14732 496 11 11 11 10 10 10
 
0 0 0 0 0 574 2197 -998 -370 0 0 0 -1484 3130 14746 496 11 11 11 10 10 10
 
0 0 0 0 0 574 2196 -998 -369 0 0 -1 -1484 3128 14722 496 11 11 11 10 10 10
 
0 0 0 0 0 574 2196 -998 -369 -1 -1 0 -1430 3134 14782 496 11 11 11 10 10 10
 
0 0 0 0 0 574 2196 -997 -369 0 0 0 -1478 3138 14740 496 11 11 11 10 10 10
 
0 0 0 0 0 574 2195 -998 -368 -1 -1 -1 -1448 3152 14726 496 11 11 11 10 10 10
 
0 0 0 0 0 609 2195 -998 -367 -1 -1 0 -1456 3160 14720 496 11 11 11 10 10 10
 
0 0 0 0 0 553 2197 -998 -365 0 0 0 -1460 3142 14762 496 11 11 11 10 10 10
 
0 0 0 0 0 560 2197 -998 -364 0 1 -1 -1450 3128 14724 496 11 11 11 10 10 10
 
0 0 0 0 0 560 2196 -998 -364 -1 -1 0 -1484 3146 14768 496 11 11 11 10 10 10
 
0 0 0 0 0 567 2196 -999 -363 -1 -1 0 -1440 3132 14738 496 11 11 11 10 10 10
 
0 0 0 0 0 567 2197 -997 -363 -1 -1 0 -1456 3148 14720 496 11 11 11 10 10 10
 
0 0 0 0 0 567 2196 -998 -363 -1 -2 0 -1470 3120 14726 496 11 11 11 10 10 10
 
0 0 0 0 0 574 2196 -997 -362 -1 -2 -1 -1472 3158 14720 496 11 11 11 10 10 10
 
0 0 0 0 0 574 2197 -998 -362 -1 -1 -1 -1452 3166 14734 496 11 11 11 10 10 10
 
0 0 0 0 0 574 2196 -998 -362 -1 -2 0 -1456 3122 14722 496 11 11 11 10 10 10
 
0 0 0 0 0 574 2195 -997 -362 -1 -1 0 -1480 3148 14746 496 11 11 11 10 10 10
 
0 0 0 0 0 574 2195 -999 -362 -1 -1 0 -1450 3148 14768 496 11 11 11 10 10 10
 
0 0 0 0 0 574 2194 -999 -362 -1 -2 0 -1472 3142 14738 496 11 11 11 10 10 10
 
0 0 0 0 0 574 2194 -998 -361 -1 -1 -1 -1444 3160 14740 496 11 11 11 10 10 10
 
0 0 0 0 0 574 2195 -998 -361 -1 -1 0 -1460 3148 14776 496 11 11 11 10 10 10
 
0 0 0 0 0 574 2195 -998 -361 -1 -2 0 -1470 3146 14742 496 11 11 11 10 10 10
 
0 0 0 0 0 574 2194 -998 -361 -1 -1 -1 -1438 3164 14756 496 11 11 11 10 10 10
 
0 0 0 0 0 574 2197 -997 -361 -1 -1 -1 -1478 3156 14734 496 11 11 11 10 10 10
 
0 0 0 0 0 574 2196 -998 -360 0 0 0 -1448 3154 14778 496 11 11 11 10 10 10
 
0 0 0 0 0 574 2195 -997 -361 -1 -2 -1 -1430 3138 14746 496 11 11 11 10 10 10
 
0 0 0 0 0 574 2196 -997 -361 -1 -2 -1 -1456 3148 14778 496 11 11 11 10 10 10
 
0 0 0 0 0 574 2195 -997 -360 -1 -2 0 -1438 3138 14770 496 11 11 11 10 10 10
 
0 0 0 0 0 574 2194 -997 -361 -1 -1 -1 -1452 3132 14756 496 11 11 11 10 10 10
 
0 0 0 0 0 574 2195 -997 -360 0 0 -1 -1434 3166 14742 496 11 11 11 10 10 10
 
0 0 0 0 0 574 2195 -997 -360 0 0 0 -1436 3176 14776 496 11 11 11 10 10 10
 
0 0 0 0 0 574 2196 -998 -359 0 0 0 -1462 3172 14746 496 11 11 11 10 10 10
 
0 0 0 0 0 574 2197 -998 -358 0 0 -1 -1420 3180 14788 496 11 11 11 10 10 10
 
0 0 0 0 0 574 2195 -998 -357 0 0 -1 -1452 3148 14738 496 11 11 11 10 10 10
 
0 0 0 0 0 560 2195 -996 -356 0 0 0 -1438 3162 14768 496 11 11 11 10 10 10
 
0 0 0 0 0 560 2195 -996 -356 0 1 0 -1452 3138 14770 496 11 11 11 10 10 10
 
0 0 0 0 0 560 2197 -996 -355 0 0 -1 -1462 3158 14766 496 11 11 11 10 10 10
 
0 0 0 0 0 560 2197 -996 -354 0 0 0 -1462 3152 14752 496 11 11 11 10 10 10
 
0 0 0 0 0 567 2197 -996 -355 0 0 -1 -1444 3150 14754 496 11 11 11 10 10 10
 
0 0 0 0 0 567 2197 -997 -355 0 0 -1 -1480 3158 14734 496 11 11 11 10 10 10
 
0 0 0 0 0 567 2197 -997 -355 0 1 -1 -1446 3140 14736 496 11 11 11 10 10 10
 
0 0 0 0 0 609 2197 -998 -354 -1 -1 0 -1476 3132 14750 496 11 11 11 10 10 10
 
0 0 0 0 0 567 2198 -999 -354 0 0 0 -1456 3134 14764 496 11 11 11 10 10 10
 
0 0 0 0 0 574 2197 -1000 -352 -1 -1 0 -1434 3158 14768 496 11 11 11 10 10 10
 
0 0 0 0 0 574 2197 -999 -351 0 0 0 -1456 3168 14768 496 11 11 11 10 10 10
 
0 0 0 0 0 574 2198 -999 -351 0 0 0 -1426 3140 14786 496 11 11 11 10 10 10
 
0 0 0 0 0 574 2198 -998 -350 0 -2 0 -1426 3160 14804 496 11 11 11 10 10 10
 
0 0 0 0 0 574 2198 -998 -349 -1 -1 0 -1434 3160 14786 496 11 11 11 10 10 10
 
0 0 0 0 0 581 2198 -997 -349 0 1 0 -1422 3180 14780 496 11 11 11 10 10 10
 
0 0 0 0 0 574 2199 -998 -349 0 0 0 -1430 3162 14782 496 11 11 11 10 10 10
 
0 0 0 0 0 581 2198 -997 -348 -1 -1 0 -1438 3152 14770 496 11 11 11 10 10 10
 
0 0 0 0 0 581 2197 -997 -348 -1 -1 0 -1428 3166 14790 496 11 11 11 10 10 10
 
0 0 0 0 0 581 2196 -996 -348 -1 -1 0 -1466 3164 14794 496 11 11 11 10 10 10
 
0 0 0 0 0 581 2197 -996 -347 -1 -1 -1 -1424 3164 14798 496 11 11 11 10 10 10
 
0 0 0 0 0 581 2197 -995 -346 -1 -2 0 -1420 3156 14766 496 11 11 11 10 10 10
 
0 0 0 0 0 581 2197 -996 -347 -1 -1 -1 -1436 3170 14820 496 11 11 11 10 10 10
 
0 0 0 0 0 574 2195 -997 -344 -1 -2 0 -1418 3158 14764 496 11 11 11 10 10 10
 
0 0 0 0 0 574 2195 -996 -344 -1 -1 -1 -1442 3166 14768 496 11 11 11 10 10 10
 
0 0 0 0 0 574 2195 -997 -343 0 0 -1 -1442 3150 14790 496 11 11 11 10 10 10
 
0 0 0 0 0 574 2195 -996 -343 -1 -1 -1 -1422 3162 14786 496 11 11 11 10 10 10
 
0 0 0 0 0 574 2195 -995 -342 -1 -1 0 -1438 3172 14758 496 11 11 11 10 10 10
 
0 0 0 0 0 574 2195 -995 -342 -1 -1 0 -1434 3166 14752 496 11 11 11 10 10 10
 
0 0 0 0 0 567 2196 -995 -342 -1 -1 0 -1442 3162 14764 496 11 11 11 10 10 10
 
0 0 0 0 0 574 2196 -995 -341 -1 -2 0 -1440 3160 14792 496 11 11 11 10 10 10
 
0 0 0 0 0 567 2197 -995 -340 0 0 0 -1434 3178 14766 496 11 11 11 10 10 10
 
0 0 0 0 0 574 2196 -995 -340 -1 -1 -1 -1442 3160 14764 496 11 11 11 10 10 10
 
0 0 0 0 0 574 2196 -994 -339 -1 -1 0 -1430 3174 14796 496 11 11 11 10 10 10
 
0 0 0 0 0 574 2196 -995 -339 -1 -1 -1 -1456 3182 14780 496 11 11 11 10 10 10
 
0 0 0 0 0 581 2195 -995 -339 -1 -1 0 -1454 3178 14788 496 11 11 11 10 10 10
 
0 0 0 0 0 581 2196 -995 -339 -1 -1 0 -1434 3148 14776 496 11 11 11 10 10 10
 
0 0 0 0 0 581 2197 -996 -338 0 1 0 -1444 3152 14772 496 11 11 11 10 10 10
 
0 0 0 0 0 574 2195 -996 -338 0 0 0 -1446 3158 14774 496 11 11 11 10 10 10
 
0 0 0 0 0 574 2196 -996 -337 0 0 0 -1440 3174 14762 496 11 11 11 10 10 10
 
0 0 0 0 0 560 2195 -996 -335 0 0 0 -1424 3178 14794 496 11 11 11 10 10 10
 
0 0 0 0 0 560 2196 -996 -335 0 0 0 -1456 3186 14744 496 11 11 11 10 10 10
 
0 0 0 0 0 560 2196 -997 -334 0 0 0 -1446 3162 14754 496 11 11 11 10 10 10
 
0 0 0 0 0 560 2195 -997 -333 0 0 0 -1440 3156 14786 496 11 11 11 10 10 10
 
0 0 0 0 0 560 2197 -997 -332 0 0 -1 -1448 3160 14768 496 11 11 11 10 10 10
 
0 0 0 0 0 560 2197 -997 -332 0 0 0 -1466 3172 14780 496 11 11 11 10 10 10
 
0 0 0 0 0 560 2196 -997 -331 0 0 0 -1452 3156 14760 496 11 11 11 10 10 10
 
0 0 0 0 0 560 2196 -998 -331 0 0 0 -1454 3146 14772 496 11 11 11 10 10 10
 
0 0 0 0 0 560 2196 -997 -330 0 0 0 -1426 3158 14742 496 11 11 11 10 10 10
 
0 0 0 0 0 560 2197 -997 -330 0 0 0 -1448 3184 14794 496 11 11 11 10 10 10
 
0 0 0 0 0 560 2197 -997 -330 0 0 0 -1460 3170 14766 496 11 11 11 10 10 10
 
0 0 0 0 0 560 2196 -997 -330 0 1 -1 -1440 3172 14756 496 11 11 11 10 10 10
 
0 0 0 0 0 560 2196 -995 -329 0 0 0 -1450 3144 14798 496 11 11 11 10 10 10
 
0 0 0 0 0 560 2195 -996 -329 0 0 0 -1428 3178 14768 496 11 11 11 10 10 10
 
0 0 0 0 0 560 2194 -995 -329 -1 -1 0 -1462 3146 14774 496 11 11 11 10 10 10
 
0 0 0 0 0 567 2195 -996 -328 0 0 0 -1444 3162 14774 496 11 11 11 10 10 10
 
0 0 0 0 0 560 2194 -998 -327 -1 -1 0 -1452 3158 14780 496 11 11 11 10 10 10
 
0 0 0 0 0 560 2194 -997 -327 -1 -1 0 -1452 3168 14772 496 11 11 11 10 10 10
 
0 0 0 0 0 560 2194 -996 -327 -1 -1 -1 -1470 3154 14770 496 11 11 11 10 10 10
 
0 0 0 0 0 560 2196 -997 -326 0 0 -1 -1442 3180 14746 496 11 11 11 10 10 10
 
0 0 0 0 0 560 2196 -997 -325 -1 -1 -1 -1448 3170 14762 496 11 11 11 10 10 10
 
0 0 0 0 0 560 2195 -996 -324 -1 -1 0 -1462 3150 14768 496 11 11 11 10 10 10
 
0 0 0 0 0 560 2196 -997 -324 -1 -1 -1 -1470 3150 14786 496 11 11 11 10 10 10
 
0 0 0 0 0 567 2196 -997 -324 -1 -1 0 -1478 3142 14768 496 11 11 11 10 10 10
 
0 0 0 0 0 567 2196 -996 -324 -1 -1 0 -1454 3164 14768 496 11 11 11 10 10 10
 
0 0 0 0 0 567 2196 -995 -323 -1 -1 0 -1458 3144 14738 496 11 11 11 10 10 10
 
0 0 0 0 0 567 2195 -995 -322 -1 -1 0 -1434 3120 14760 496 11 11 11 10 10 10
 
0 0 0 0 0 567 2195 -994 -322 -1 -1 -1 -1444 3146 14792 496 11 11 11 10 10 10
 
0 0 0 0 0 567 2196 -995 -322 -1 -1 0 -1468 3150 14764 496 11 11 11 10 10 10
 
0 0 0 0 0 567 2196 -996 -322 0 0 0 -1444 3140 14742 496 11 11 11 10 10 10
 
0 0 0 0 0 567 2198 -996 -320 -1 -1 0 -1462 3148 14718 496 11 11 11 10 10 10
 
0 0 0 0 0 567 2196 -996 -320 0 -1 -1 -1476 3142 14712 496 11 11 11 10 10 10
 
0 0 0 0 0 567 2195 -997 -319 -1 -1 -2 -1502 3090 14750 496 11 11 11 10 10 10
 
0 0 0 0 0 567 2195 -996 -321 -1 -1 0 -1458 3150 14786 496 11 11 11 10 10 10
 
0 0 0 0 0 567 2195 -996 -320 -1 -1 0 -1470 3140 14782 496 11 11 11 10 10 10
 
0 0 0 0 0 567 2197 -997 -319 0 0 0 -1474 3148 14770 496 11 11 11 10 10 10
 
0 0 0 0 0 567 2195 -996 -317 0 1 -1 -1444 3174 14716 496 11 11 11 10 10 10
 
0 0 0 0 0 574 2196 -997 -317 0 1 -1 -1470 3134 14742 496 11 11 11 10 10 10
 
0 0 0 0 0 574 2195 -997 -317 0 0 0 -1450 3164 14768 496 11 11 11 10 10 10
 
0 0 0 0 0 574 2195 -997 -316 0 0 0 -1476 3146 14734 496 11 11 11 10 10 10
 
0 0 0 0 0 574 2195 -996 -315 0 0 0 -1458 3142 14730 496 11 11 11 10 10 10
 
0 0 0 0 0 574 2195 -997 -314 0 0 0 -1482 3142 14740 496 11 11 11 10 10 10
 
0 0 0 0 0 560 2194 -996 -313 -1 -1 0 -1468 3142 14734 496 11 11 11 10 10 10
 
0 0 0 0 0 567 2195 -996 -312 0 1 0 -1458 3140 14764 496 11 11 11 10 10 10
 
0 0 0 0 0 567 2194 -996 -311 0 0 0 -1460 3152 14754 496 11 11 11 10 10 10
 
0 0 0 0 0 567 2195 -996 -309 0 0 0 -1470 3146 14734 496 11 11 11 10 10 10
 
0 0 0 0 0 567 2195 -996 -309 0 1 0 -1452 3156 14742 496 11 11 11 10 10 10
 
0 0 0 0 0 574 2195 -996 -308 -1 -1 0 -1462 3154 14734 496 11 11 11 10 10 10
 
0 0 0 0 0 574 2195 -997 -308 -1 -1 0 -1456 3146 14726 496 11 11 11 10 10 10
 
0 0 0 0 0 574 2195 -997 -308 0 0 0 -1458 3132 14708 496 11 11 11 10 10 10
 
0 0 0 0 0 574 2195 -998 -308 0 0 0 -1460 3150 14734 496 11 11 11 10 10 10
 
0 0 0 0 0 574 2196 -997 -307 0 0 0 -1464 3122 14724 496 11 11 11 10 10 10
 
0 0 0 0 0 581 2195 -997 -307 0 0 0 -1450 3148 14696 496 11 11 11 10 10 10
 
0 0 0 0 0 581 2196 -997 -304 0 0 -1 -1486 3146 14738 496 11 11 11 10 10 10
 
0 0 0 0 0 581 2195 -996 -305 0 0 0 -1444 3136 14732 496 11 11 11 10 10 10
 
0 0 0 0 0 581 2196 -996 -305 0 0 0 -1462 3166 14728 496 11 11 11 10 10 10
 
0 0 0 0 0 609 2196 -996 -304 0 0 0 -1446 3136 14742 496 11 11 11 10 10 10
 
0 0 0 0 0 581 2196 -996 -304 0 0 -1 -1444 3156 14718 496 11 11 11 10 10 10
 
0 0 0 0 0 588 2196 -997 -305 0 0 0 -1464 3152 14726 496 11 11 11 10 10 10
 
0 0 0 0 0 588 2196 -996 -304 0 0 0 -1472 3132 14758 496 11 11 11 10 10 10
 
0 0 0 0 0 588 2196 -996 -304 0 0 -1 -1462 3154 14732 496 11 11 11 10 10 10
 
0 0 0 0 0 588 2195 -997 -305 0 0 0 -1446 3162 14744 496 11 11 11 10 10 10
 
0 0 0 0 0 588 2195 -997 -304 0 0 0 -1446 3132 14740 496 11 11 11 10 10 10
 
0 0 0 0 0 588 2195 -997 -304 0 0 0 -1462 3152 14758 496 11 11 11 10 10 10
 
0 0 0 0 0 588 2195 -997 -304 -1 -1 0 -1460 3152 14752 496 11 11 11 10 10 10
 
0 0 0 0 0 588 2195 -997 -304 0 0 -1 -1446 3132 14718 496 11 11 11 10 10 10
 
0 0 0 0 0 588 2196 -997 -304 0 0 -1 -1456 3152 14780 496 11 11 11 10 10 10
 
0 0 0 0 0 574 2195 -996 -305 -1 -1 0 -1460 3154 14760 496 11 11 11 10 10 10
 
0 0 0 0 0 574 2195 -996 -304 0 0 0 -1450 3132 14736 496 11 11 11 10 10 10
 
0 0 0 0 0 602 2196 -997 -303 0 1 0 -1458 3146 14734 496 11 11 11 10 10 10
 
0 0 0 0 0 581 2196 -998 -303 -1 -1 -1 -1438 3144 14782 496 11 11 11 10 10 10
 
0 0 0 0 0 581 2196 -998 -302 -1 -2 0 -1452 3150 14784 496 11 11 11 10 10 10
 
0 0 0 0 0 588 2197 -999 -301 -1 -1 -1 -1478 3146 14718 496 11 11 11 10 10 10
 
0 0 0 0 0 588 2196 -998 -301 -1 -1 0 -1446 3140 14748 496 11 11 11 10 10 10
 
0 0 0 0 0 588 2196 -999 -300 -1 -1 0 -1466 3136 14734 496 11 11 11 10 10 10
 
0 0 0 0 0 588 2195 -999 -300 -1 -2 0 -1454 3146 14780 496 11 11 11 10 10 10
 
0 0 0 0 0 588 2195 -999 -300 -1 -1 0 -1432 3140 14758 496 11 11 11 10 10 10
 
0 0 0 0 0 588 2195 -999 -300 -1 -1 0 -1460 3154 14780 496 11 11 11 10 10 10
 
0 0 0 0 0 588 2197 -999 -299 -1 -1 0 -1450 3168 14746 496 11 11 11 10 10 10
 
0 0 0 0 0 595 2196 -999 -299 -1 -1 0 -1444 3154 14742 496 11 11 11 10 10 10
 
0 0 0 0 0 595 2197 -996 -299 -1 -1 0 -1436 3134 14758 496 11 11 11 10 10 10
 
0 0 0 0 0 595 2197 -996 -298 -1 -2 0 -1454 3172 14756 496 11 11 11 10 10 10
 
0 0 0 0 0 595 2196 -996 -298 -1 -2 0 -1462 3138 14744 496 11 11 11 10 10 10
 
0 0 0 0 0 595 2197 -996 -297 -1 -1 0 -1430 3152 14800 496 11 11 11 10 10 10
 
0 0 0 0 0 588 2197 -996 -296 -1 -1 -1 -1466 3138 14754 496 11 11 11 10 10 10
 
0 0 0 0 0 595 2196 -996 -295 -1 -1 0 -1444 3168 14772 496 11 11 11 10 10 10
 
0 0 0 0 0 595 2195 -995 -287 -1 -1 0 -1440 3146 14786 496 11 11 11 10 10 10
 
0 0 0 0 0 595 2196 -994 -286 -1 -1 -1 -1450 3142 14770 496 11 11 11 10 10 10
 
0 0 0 0 0 595 2196 -995 -286 0 0 0 -1424 3154 14738 496 11 11 11 10 10 10
 
0 0 0 0 0 588 2196 -996 -286 0 0 0 -1444 3144 14754 496 11 11 11 10 10 10
 
0 0 0 0 0 581 2197 -996 -288 0 0 0 -1448 3160 14736 496 11 11 11 10 10 10
 
0 0 0 0 0 581 2197 -997 -288 0 0 0 -1432 3138 14766 496 11 11 11 10 10 10
 
0 0 0 0 0 581 2197 -997 -288 0 0 -1 -1438 3136 14738 496 11 11 11 10 10 10
 
0 0 0 0 0 588 2197 -998 -288 0 0 0 -1426 3152 14750 496 11 11 11 10 10 10
 
0 0 0 0 0 588 2196 -997 -289 -1 -1 0 -1458 3142 14732 496 11 11 11 10 10 10
 
0 0 0 0 0 588 2197 -998 -290 0 0 0 -1444 3138 14744 496 11 11 11 10 10 10
 
0 0 0 0 0 588 2195 -996 -273 0 0 0 -1424 3146 14732 496 11 11 11 10 10 10
 
0 0 0 0 0 588 2195 -996 -274 0 0 1 -1484 3088 14766 496 11 11 11 10 10 10
 
0 0 0 0 0 588 2195 -1000 -262 0 1 0 -1450 3150 14762 496 11 11 11 10 10 10
 
0 0 0 0 0 595 2194 -1001 -264 0 0 -1 -1430 3154 14756 496 11 11 11 10 10 10
 
0 0 0 0 0 595 2194 -1001 -265 -1 -1 0 -1454 3150 14768 496 11 11 11 10 10 10
 
0 0 0 0 0 588 2194 -1002 -266 0 1 0 -1448 3148 14748 496 11 11 11 10 10 10
 
0 0 0 0 0 595 2195 -1003 -267 0 0 -1 -1460 3146 14766 496 11 11 11 10 10 10
 
0 0 0 0 0 595 2193 -1001 -269 0 0 0 -1450 3150 14724 496 11 11 11 10 10 10
 
0 0 0 0 0 595 2192 -1011 -302 3 0 -14 -1306 3296 14768 496 11 11 11 10 10 10
 
0 0 0 0 0 588 2193 -1007 -301 -1 -1 0 -1452 3172 14774 496 11 11 11 10 10 10
 
0 0 0 0 0 588 2193 -1004 -302 -1 -1 -1 -1462 3154 14758 496 11 11 11 10 10 10
 
0 0 0 0 0 588 2194 -1002 -303 -1 -1 0 -1422 3156 14732 496 11 11 11 10 10 10
 
0 0 0 0 0 588 2194 -1000 -305 -1 -2 0 -1424 3154 14722 496 11 11 11 10 10 10
 
0 0 0 0 0 595 2194 -999 -306 0 0 0 -1420 3168 14782 496 11 11 11 10 10 10
 
0 0 0 0 0 595 2194 -999 -308 0 0 0 -1428 3154 14752 496 11 11 11 10 10 10
 
0 0 0 0 0 595 2194 -999 -310 0 0 0 -1436 3162 14776 496 11 11 11 10 10 10
 
0 0 0 0 0 595 2195 -998 -310 0 0 0 -1434 3166 14794 496 11 11 11 10 10 10
 
0 0 0 0 0 595 2195 -998 -312 0 0 -1 -1420 3158 14772 496 11 11 11 10 10 10
 
0 0 0 0 0 588 2194 -997 -312 -1 -1 -1 -1412 3154 14772 496 11 11 11 10 10 10
 
0 0 0 0 0 595 2194 -997 -313 -1 -1 -1 -1436 3146 14762 496 11 11 11 10 10 10
 
0 0 0 0 0 595 2195 -997 -314 0 0 0 -1430 3136 14806 496 11 11 11 10 10 10
 
0 0 0 0 0 595 2194 -997 -315 0 0 0 -1426 3152 14762 496 11 11 11 10 10 10
 
0 0 0 0 0 595 2193 -997 -315 1 0 0 -1436 3150 14726 496 11 11 11 10 10 10
 
0 0 0 0 0 581 2194 -996 -317 0 0 0 -1430 3168 14756 496 11 11 11 10 10 10
 
0 0 0 0 0 588 2194 -995 -317 0 0 0 -1414 3176 14788 496 11 11 11 10 10 10
 
0 0 0 0 0 588 2195 -995 -318 0 0 0 -1430 3144 14772 496 11 11 11 10 10 10
 
0 0 0 0 0 588 2195 -995 -319 0 0 0 -1432 3168 14780 496 11 11 11 10 10 10
 
0 0 0 0 0 588 2196 -996 -321 0 0 0 -1424 3168 14810 496 11 11 11 10 10 10
 
0 0 0 0 0 595 2196 -996 -323 1 0 0 -1440 3156 14776 496 11 11 11 10 10 10
 
0 0 0 0 0 595 2196 -997 -323 0 0 0 -1406 3158 14792 496 11 11 11 10 10 10
 
0 0 0 0 0 595 2195 -997 -323 0 0 -1 -1426 3164 14762 496 11 11 11 10 10 10
 
0 0 0 0 0 588 2195 -997 -321 0 0 0 -1452 3158 14764 496 11 11 11 10 10 10
 
0 0 0 0 0 595 2195 -997 -321 0 0 0 -1424 3140 14770 496 11 11 11 10 10 10
 
0 0 0 0 0 588 2195 -996 -320 0 0 0 -1432 3174 14772 496 11 11 11 10 10 10
 
0 0 0 0 0 588 2195 -996 -319 0 0 0 -1418 3170 14774 496 11 11 11 10 10 10
 
0 0 0 0 0 588 2194 -995 -319 0 0 -1 -1440 3146 14760 496 11 11 11 10 10 10
 
0 0 0 0 0 588 2193 -995 -318 0 0 0 -1424 3166 14780 496 11 11 11 10 10 10
 
0 0 0 0 0 588 2193 -996 -318 0 0 0 -1446 3152 14778 496 11 11 11 10 10 10
 
0 0 0 0 0 588 2193 -995 -318 0 0 0 -1416 3168 14808 496 11 11 11 10 10 10
 
0 0 0 0 0 588 2193 -995 -318 0 0 0 -1446 3176 14746 496 11 11 11 10 10 10
 
0 0 0 0 0 588 2194 -996 -318 0 0 0 -1434 3166 14762 496 11 11 11 10 10 10
 
0 0 0 0 0 588 2195 -996 -318 0 0 -1 -1438 3162 14776 496 11 11 11 10 10 10
 
0 0 0 0 0 588 2194 -996 -318 0 0 -1 -1436 3172 14730 496 11 11 11 10 10 10
 
0 0 0 0 0 588 2196 -996 -316 0 0 0 -1456 3166 14824 496 11 11 11 10 10 10
 
0 0 0 0 0 560 2193 -995 -280 -1 -2 0 -1476 3142 14768 496 11 11 11 10 10 10
 
0 0 0 0 0 560 2192 -995 -274 -1 -2 1 -1444 3160 14770 496 11 11 11 10 10 10
 
0 0 0 0 0 560 2192 -995 -273 0 0 -1 -1456 3154 14750 496 11 11 11 10 10 10
 
0 0 0 0 0 560 2192 -995 -274 0 0 -1 -1442 3160 14772 496 11 11 11 10 10 10
 
0 0 0 0 0 567 2191 -996 -274 0 0 -1 -1448 3160 14746 496 11 11 11 10 10 10
 
0 0 0 0 0 567 2192 -998 -274 0 0 0 -1450 3152 14764 496 11 11 11 10 10 10
 
0 0 0 0 0 567 2192 -997 -274 0 1 0 -1438 3168 14772 496 11 11 11 10 10 10
 
0 0 0 0 0 567 2192 -996 -274 0 0 0 -1440 3156 14746 496 11 11 11 10 10 10
 
0 0 0 0 0 567 2192 -997 -273 0 0 -1 -1448 3148 14764 496 11 11 11 10 10 10
 
0 0 0 0 0 560 2191 -997 -273 0 0 0 -1444 3164 14778 496 11 11 11 10 10 10
 
0 0 0 0 0 560 2191 -997 -272 0 1 0 -1456 3146 14742 496 11 11 11 10 10 10
 
0 0 0 0 0 560 2193 -997 -272 -1 -1 0 -1428 3152 14790 496 11 11 11 10 10 10
 
0 0 0 0 0 560 2194 -996 -272 0 -3 0 -1426 3150 14758 496 11 11 11 10 10 10
 
0 0 0 0 0 595 2194 -994 -272 1 0 0 -1436 3142 14784 496 11 11 11 10 10 10
 
0 0 0 0 0 567 2192 -996 -263 -1 -1 -1 -1472 3156 14762 496 11 11 11 10 10 10
 
0 0 0 0 0 567 2193 -996 -263 -1 -1 0 -1434 3150 14730 496 11 11 11 10 10 10
 
0 0 0 0 0 567 2193 -994 -262 -1 -1 0 -1434 3134 14776 496 11 11 11 10 10 10
 
0 0 0 0 0 574 2192 -995 -262 0 0 0 -1482 3158 14724 496 11 11 11 10 10 10
 
0 0 0 0 0 602 2193 -996 -261 -1 -1 0 -1462 3150 14768 496 11 11 11 10 10 10
 
0 0 0 0 0 574 2195 -995 -261 0 0 0 -1420 3142 14776 496 11 11 11 10 10 10
 
0 0 0 0 0 581 2195 -997 -261 0 0 -1 -1470 3168 14762 496 11 11 11 10 10 10
 
0 0 0 0 0 581 2194 -996 -260 -1 -1 0 -1458 3140 14772 496 11 11 11 10 10 10
 
0 0 0 0 0 581 2194 -998 -260 -1 -1 0 -1472 3158 14772 496 11 11 11 10 10 10
 
0 0 0 0 0 581 2194 -997 -261 -1 -1 0 -1474 3138 14730 496 11 11 11 10 10 10
 
0 0 0 0 0 609 2193 -997 -261 -1 -1 0 -1456 3140 14738 496 11 11 11 10 10 10
 
0 0 0 0 0 581 2193 -997 -261 -1 -1 -1 -1474 3160 14794 496 11 11 11 10 10 10
 
0 0 0 0 0 588 2193 -997 -262 -1 -1 -1 -1458 3136 14790 496 11 11 11 10 10 10
 
0 0 0 0 0 588 2193 -998 -262 -1 -2 0 -1454 3134 14742 496 11 11 11 10 10 10
 
0 0 0 0 0 588 2193 -998 -262 -1 -1 0 -1462 3142 14780 496 11 11 11 10 10 10
 
0 0 0 0 0 588 2192 -998 -262 -1 -1 0 -1458 3148 14748 496 11 11 11 10 10 10
 
0 0 0 0 0 588 2192 -998 -262 -1 -1 0 -1460 3152 14752 496 11 11 11 10 10 10
 
0 0 0 0 0 588 2191 -998 -261 -1 -1 0 -1446 3130 14792 496 11 11 11 10 10 10
 
0 0 0 0 0 588 2193 -998 -262 -1 -3 0 -1460 3144 14752 496 11 11 11 10 10 10
 
0 0 0 0 0 574 2192 -998 -262 -1 -1 -1 -1446 3122 14722 496 11 11 11 10 10 10
 
0 0 0 0 0 574 2192 -999 -263 -1 -1 0 -1458 3138 14772 496 11 11 11 10 10 10
 
0 0 0 0 0 581 2192 -999 -264 -1 -2 0 -1454 3144 14756 496 11 11 11 10 10 10
 
0 0 0 0 0 581 2192 -998 -264 -1 -1 0 -1458 3134 14770 496 11 11 11 10 10 10
 
0 0 0 0 0 588 2190 -997 -265 -1 -1 0 -1436 3138 14782 496 11 11 11 10 10 10
 
0 0 0 0 0 588 2191 -998 -265 1 0 0 -1470 3158 14738 496 11 11 11 10 10 10
 
0 0 0 0 0 588 2192 -998 -266 0 0 0 -1464 3156 14738 496 11 11 11 10 10 10
 
0 0 0 0 0 588 2192 -998 -265 0 0 -1 -1452 3154 14764 496 11 11 11 10 10 10
 
0 0 0 0 0 595 2192 -998 -264 0 0 -1 -1446 3160 14774 496 11 11 11 10 10 10
 
0 0 0 0 0 595 2193 -999 -263 0 0 0 -1464 3166 14772 496 11 11 11 10 10 10
 
0 0 0 0 0 595 2194 -997 -262 0 0 0 -1428 3146 14758 496 11 11 11 10 10 10
 
0 0 0 0 0 595 2195 -998 -261 0 0 -1 -1458 3130 14728 496 11 11 11 10 10 10
 
0 0 0 0 0 623 2194 -997 -261 0 1 -1 -1442 3126 14766 496 11 11 11 10 10 10
 
0 0 0 0 0 595 2192 -996 -260 0 0 0 -1480 3136 14782 496 11 11 11 10 10 10
 
0 0 0 0 0 595 2191 -996 -259 0 0 0 -1460 3138 14736 496 11 11 11 10 10 10
 
0 0 0 0 0 595 2192 -996 -259 0 0 0 -1484 3154 14768 496 11 11 11 10 10 10
 
0 0 0 0 0 588 2191 -998 -259 0 0 -1 -1458 3148 14804 496 11 11 11 10 10 10
 
0 0 0 0 0 595 2192 -996 -258 0 1 0 -1454 3152 14768 496 11 11 11 10 10 10
 
0 0 0 0 0 595 2192 -996 -257 0 0 0 -1462 3144 14738 496 11 11 11 10 10 10
 
0 0 0 0 0 595 2191 -996 -256 0 0 0 -1456 3136 14786 496 11 11 11 10 10 10
 
0 0 0 0 0 588 2191 -996 -256 -1 -1 -1 -1458 3150 14770 496 11 11 11 10 10 10
 
0 0 0 0 0 588 2193 -996 -255 0 0 0 -1462 3122 14772 496 11 11 11 10 10 10
 
0 0 0 0 0 588 2193 -997 -254 0 0 0 -1456 3132 14744 496 11 11 11 10 10 10
 
0 0 0 0 0 588 2193 -997 -252 0 1 0 -1470 3148 14734 496 11 11 11 10 10 10
 
0 0 0 0 0 588 2273 -975 -121 17 0 16 -1412 3258 14714 496 11 11 11 10 10 10
 
0 0 0 0 0 588 2206 -984 -166 -16 -3 -6 -1458 3152 14752 496 11 11 11 10 10 10
 
0 0 0 0 0 588 2194 -987 -178 0 0 -1 -1452 3128 14736 496 11 11 11 10 10 10
 
0 0 0 0 0 595 2192 -991 -177 0 1 0 -1472 3144 14724 496 11 11 11 10 10 10
 
0 0 0 0 0 595 2192 -992 -175 0 0 0 -1438 3144 14744 496 11 11 11 10 10 10
 
0 0 0 0 0 595 2192 -993 -174 0 0 0 -1444 3132 14758 496 11 11 11 10 10 10
 
0 0 0 0 0 595 2192 -993 -175 0 0 -1 -1444 3150 14736 496 11 11 11 10 10 10
 
0 0 0 0 0 595 2192 -993 -174 0 0 -1 -1462 3130 14716 496 11 11 11 10 10 10
 
0 0 0 0 0 595 2192 -994 -174 0 1 -1 -1440 3136 14756 496 11 11 11 10 10 10
 
0 0 0 0 0 588 2192 -994 -175 0 0 -1 -1456 3136 14746 496 11 11 11 10 10 10
 
0 0 0 0 0 588 2193 -994 -174 0 0 0 -1464 3126 14726 496 11 11 11 10 10 10
 
0 0 0 0 0 588 2192 -995 -174 0 -2 0 -1466 3122 14596 496 11 11 11 10 10 10
 
0 0 0 0 0 588 2193 -995 -173 0 0 0 -1436 3154 14710 496 11 11 11 10 10 10
 
0 0 0 0 0 581 2191 -996 -172 0 0 0 -1446 3128 14754 496 11 11 11 10 10 10
 
0 0 0 0 0 581 2193 -996 -171 0 0 -1 -1472 3056 14738 496 11 11 11 10 10 10
 
0 0 0 0 0 581 2192 -977 -83 1 0 0 -1444 3142 14762 496 11 11 11 10 10 10
 
0 0 0 0 0 581 2191 -981 -75 0 -2 -5 -1440 3130 14768 496 11 11 11 10 10 10
 
0 0 0 0 0 581 2190 -990 -104 2 0 -28 -1400 3106 14736 496 11 11 11 10 10 10
 
0 0 0 0 0 581 2189 -992 -110 -1 -2 0 -1442 3148 14776 496 11 11 11 10 10 10
 
0 0 0 0 0 581 2190 -992 -109 0 0 0 -1456 3148 14750 496 11 11 11 10 10 10
 
0 0 0 0 0 581 2190 -992 -108 0 0 0 -1442 3146 14742 496 11 11 11 10 10 10
 
0 0 0 0 0 581 2189 -992 -108 -1 -1 0 -1428 3138 14736 496 11 11 11 10 10 10
 
0 0 0 0 0 581 2191 -992 -107 0 0 0 -1434 3150 14736 496 11 11 11 10 10 10
 
0 0 0 0 0 581 2190 -993 -107 0 0 0 -1454 3120 14762 496 11 11 11 10 10 10
 
0 0 0 0 0 581 2188 -992 -107 0 0 -1 -1442 3116 14788 496 11 11 11 10 10 10
 
0 0 0 0 0 581 2188 -993 -107 0 0 -1 -1466 3138 14736 496 11 11 11 10 10 10
 
0 0 0 0 0 581 2189 -994 -106 0 0 0 -1448 3132 14738 496 11 11 11 10 10 10
 
0 0 0 0 0 581 2189 -994 -105 -1 -1 0 -1424 3138 14736 496 11 11 11 10 10 10
 
0 0 0 0 0 581 2190 -994 -104 0 0 0 -1474 3174 14768 496 11 11 11 10 10 10
 
0 0 0 0 0 581 2190 -994 -104 0 0 1 -1454 3162 14756 496 11 11 11 10 10 10
 
0 0 0 0 0 581 2190 -995 -102 -1 -1 0 -1426 3126 14738 496 11 11 11 10 10 10
 
0 0 0 0 0 581 2189 -995 -102 0 0 -1 -1438 3150 14732 496 11 11 11 10 10 10
 
0 0 0 0 0 581 2188 -994 -102 -1 -1 0 -1420 3144 14766 496 11 11 11 10 10 10
 
0 0 0 0 0 588 2188 -995 -100 -1 -1 0 -1426 3132 14720 496 11 11 11 10 10 10
 
0 0 0 0 0 588 2188 -995 -100 0 0 0 -1448 3150 14752 496 11 11 11 10 10 10
 
0 0 0 0 0 588 2188 -995 -99 0 0 0 -1428 3124 14716 496 11 11 11 10 10 10
 
0 0 0 0 0 588 2189 -995 -97 0 0 -1 -1440 3156 14736 496 11 11 11 10 10 10
 
0 0 0 0 0 581 2190 -996 -98 -1 -1 -1 -1432 3130 14742 496 11 11 11 10 10 10
 
0 0 0 0 0 581 2190 -995 -97 -1 -1 0 -1402 3158 14770 496 11 11 11 10 10 10
 
0 0 0 0 0 581 2191 -994 -97 -1 -1 -1 -1434 3148 14782 496 11 11 11 10 10 10
 
0 0 0 0 0 581 2191 -994 -96 -1 -1 0 -1442 3126 14736 496 11 11 11 10 10 10
 
0 0 0 0 0 581 2190 -993 -96 -1 -1 0 -1416 3136 14752 496 11 11 11 10 10 10
 
0 0 0 0 0 581 2190 -993 -96 -1 -1 0 -1416 3146 14752 496 11 11 11 10 10 10
 
0 0 0 0 0 581 2190 -994 -95 -1 -1 0 -1430 3148 14752 496 11 11 11 10 10 10
 
0 0 0 0 0 581 2191 -993 -95 -1 -1 0 -1430 3160 14734 496 11 11 11 10 10 10
 
0 0 0 0 0 581 2191 -993 -95 -1 -1 -1 -1420 3120 14736 496 11 11 11 10 10 10
 
0 0 0 0 0 581 2190 -994 -96 -1 -1 0 -1418 3146 14756 496 11 11 11 10 10 10
 
0 0 0 0 0 581 2193 -994 -95 -1 -1 -1 -1428 3150 14734 496 11 11 11 10 10 10
 
0 0 0 0 0 581 2192 -995 -95 -1 -1 -1 -1440 3170 14788 496 11 11 11 10 10 10
 
0 0 0 0 0 581 2192 -995 -95 -1 -1 0 -1414 3146 14734 496 11 11 11 10 10 10
 
0 0 0 0 0 581 2192 -995 -94 -1 -1 -1 -1450 3150 14806 496 11 11 11 10 10 10
 
0 0 0 0 0 581 2191 -995 -95 -1 -1 0 -1448 3140 14726 496 11 11 11 10 10 10
 
0 0 0 0 0 581 2190 -995 -95 -1 -2 -1 -1418 3144 14776 496 11 11 11 10 10 10
 
0 0 0 0 0 581 2190 -995 -95 -1 -3 0 -1438 3150 14790 496 11 11 11 10 10 10
 
0 0 0 0 0 581 2190 -995 -94 -1 -1 -1 -1432 3140 14792 496 11 11 11 10 10 10
 
0 0 0 0 0 581 2190 -995 -96 -1 -1 -1 -1416 3140 14788 496 11 11 11 10 10 10
 
0 0 0 0 0 581 2190 -995 -95 -1 -1 0 -1436 3164 14766 496 11 11 11 10 10 10
 
0 0 0 0 0 595 2191 -994 -94 -1 -1 0 -1436 3154 14778 496 11 11 11 10 10 10
 
0 0 0 0 0 595 2191 -995 -94 -1 -1 0 -1424 3158 14774 496 11 11 11 10 10 10
 
0 0 0 0 0 595 2191 -996 -94 -1 -1 0 -1416 3156 14792 496 11 11 11 10 10 10
 
0 0 0 0 0 595 2190 -994 -94 -1 -1 0 -1428 3154 14796 496 11 11 11 10 10 10
 
0 0 0 0 0 588 2190 -995 -94 -1 -1 -1 -1418 3148 14754 496 11 11 11 10 10 10
 
0 0 0 0 0 588 2191 -994 -95 -1 -1 -1 -1402 3148 14778 496 11 11 11 10 10 10
 
0 0 0 0 0 588 2190 -993 -94 -1 -1 0 -1422 3146 14768 496 11 11 11 10 10 10
 
0 0 0 0 0 588 2189 -994 -94 -1 -1 0 -1434 3136 14800 496 11 11 11 10 10 10
 
0 0 0 0 0 588 2188 -995 -94 -1 -1 -1 -1418 3144 14782 496 11 11 11 10 10 10
 
0 0 0 0 0 588 2189 -995 -93 -1 -1 0 -1456 3140 14762 496 11 11 11 10 10 10
 
0 0 0 0 0 588 2189 -995 -93 -1 -1 0 -1402 3126 14764 496 11 11 11 10 10 10
 
0 0 0 0 0 588 2190 -995 -92 -1 -1 0 -1416 3158 14730 496 11 11 11 10 10 10
 
0 0 0 0 0 588 2190 -995 -91 -1 -1 0 -1424 3160 14788 496 11 11 11 10 10 10
 
0 0 0 0 0 588 2190 -994 -90 -1 -1 0 -1424 3168 14788 496 11 11 11 10 10 10
 
0 0 0 0 0 588 2191 -993 -89 -1 -1 0 -1426 3154 14762 496 11 11 11 10 10 10
 
0 0 0 0 0 588 2192 -992 -88 0 0 -1 -1418 3140 14782 496 11 11 11 10 10 10
 
0 0 0 0 0 588 2191 -992 -87 0 0 0 -1414 3158 14748 496 11 11 11 10 10 10
 
0 0 0 0 0 616 2191 -992 -87 0 0 0 -1434 3150 14772 496 11 11 11 10 10 10
 
0 0 0 0 0 588 2192 -992 -87 0 0 0 -1414 3148 14788 496 11 11 11 10 10 10
 
0 0 0 0 0 546 2192 -992 -87 -1 -1 0 -1412 3154 14810 496 11 11 11 10 10 10
 
0 0 0 0 0 588 2192 -992 -87 0 0 0 -1430 3154 14776 496 11 11 11 10 10 10
 
0 0 0 0 0 546 2192 -993 -85 0 0 0 -1426 3156 14754 496 11 11 11 10 10 10
 
0 0 0 0 0 553 2193 -993 -84 0 0 0 -1432 3174 14836 496 11 11 11 10 10 10
 
0 0 0 0 0 546 2193 -993 -84 0 0 0 -1422 3164 14802 496 11 11 11 10 10 10
 
0 0 0 0 0 546 2193 -993 -84 0 0 0 -1442 3168 14778 496 11 11 11 10 10 10
 
0 0 0 0 0 546 2192 -993 -83 0 0 0 -1424 3154 14796 496 11 11 11 10 10 10
 
0 0 0 0 0 546 2193 -994 -83 0 1 0 -1448 3178 14768 496 11 11 11 10 10 10
 
0 0 0 0 0 546 2190 -994 -81 0 0 0 -1422 3158 14766 496 11 11 11 10 10 10
 
0 0 0 0 0 546 2190 -995 -81 0 0 0 -1426 3162 14760 496 11 11 11 10 10 10
 
0 0 0 0 0 546 2191 -995 -81 0 0 0 -1446 3174 14806 496 11 11 11 10 10 10
 
0 0 0 0 0 588 2192 -996 -81 0 0 0 -1448 3158 14774 496 11 11 11 10 10 10
 
0 0 0 0 0 546 2191 -995 -81 0 0 -1 -1446 3168 14800 496 11 11 11 10 10 10
 
0 0 0 0 0 546 2191 -995 -81 0 1 0 -1442 3152 14780 496 11 11 11 10 10 10
 
0 0 0 0 0 546 2190 -995 -80 0 0 0 -1444 3136 14786 496 11 11 11 10 10 10
 
0 0 0 0 0 546 2189 -994 -82 -1 -1 -1 -1450 3148 14726 496 11 11 11 10 10 10
 
0 0 0 0 0 546 2190 -994 -82 -1 -1 0 -1438 3152 14820 496 11 11 11 10 10 10
 
0 0 0 0 0 546 2190 -993 -81 -1 -1 0 -1446 3168 14776 496 11 11 11 10 10 10
 
0 0 0 0 0 546 2190 -993 -81 -1 -2 0 -1462 3140 14798 496 11 11 11 10 10 10
 
0 0 0 0 0 546 2190 -993 -81 -1 -1 0 -1454 3160 14772 496 11 11 11 10 10 10
 
0 0 0 0 0 546 2190 -994 -80 -1 -1 0 -1468 3150 14780 496 11 11 11 10 10 10
 
0 0 0 0 0 567 1082 -2606 49 0 19 -11 -8902 3456 12198 496 11 11 11 10 10 10
 
